--------------------Configuration: DDGame - JDK version 1.8.0_20 <Default> - <Default>--------------------
0 0 0 0 0 0 0 0 0 0 0 0 0 0 0 0 0 0 0 0 0 0 0 0 0 0 0 0 0 0 0 0 0 0 0 0 0 0 0 0 0 0 0 0 0 0 0 0 0 0 0 0 0 0 0 0 0 0 0 0 0 0 0 0 0 0 0 0 0 0 0 0 0 0 0 0 0 0 0 0 0 0 0 0 0 0 0 0 0 0 0 0 0 0 0 0 0 0 0 0 
0 0 0 0 0 0 0 0 0 0 0 0 0 0 0 0 0 0 0 0 0 0 0 0 0 0 0 0 0 0 0 0 0 0 0 0 0 0 0 0 0 0 0 0 0 0 0 0 0 0 0 0 0 0 0 0 0 0 0 0 0 0 0 0 0 0 0 0 0 0 0 0 0 0 0 0 0 0 0 0 0 0 0 0 0 0 0 0 0 0 0 0 0 0 0 0 0 0 0 0 
0 0 0 0 0 0 0 0 0 0 0 0 0 0 0 0 0 0 0 0 0 0 0 0 0 0 0 0 0 0 0 0 0 0 0 0 0 0 0 0 0 0 0 0 0 0 0 0 0 0 0 0 0 0 0 0 0 0 0 0 0 0 0 0 0 0 0 0 0 0 0 0 0 0 0 0 0 0 0 0 0 0 0 0 0 0 0 0 0 0 0 0 0 0 0 0 0 0 0 0 
0 0 0 0 0 0 0 0 0 0 0 0 0 0 0 0 0 0 0 0 0 0 0 0 0 0 0 0 0 0 0 0 0 0 0 0 0 0 0 0 0 0 0 0 0 0 0 0 0 0 0 0 0 0 0 0 0 0 0 0 0 0 0 0 0 0 0 0 0 0 0 0 0 0 0 0 0 0 0 0 0 0 0 0 0 0 0 0 0 0 0 0 0 0 0 0 0 0 0 0 
0 0 0 0 0 0 0 0 0 0 0 0 0 0 0 0 0 0 0 0 0 0 0 0 0 0 0 0 0 0 0 0 0 0 0 0 0 0 0 0 0 0 0 0 0 0 0 0 0 0 0 0 0 0 0 0 0 0 0 0 0 0 0 0 0 0 0 0 0 0 0 0 0 0 0 0 0 0 0 0 0 0 0 0 0 0 0 0 0 0 0 0 0 0 0 0 0 0 0 0 
0 0 0 0 0 0 0 0 0 0 0 0 0 0 0 0 0 0 0 0 0 0 0 0 0 0 0 0 0 0 0 0 0 0 0 0 0 0 0 0 0 0 0 0 0 0 0 0 0 0 0 0 0 0 0 0 0 0 0 0 0 0 0 0 0 0 0 0 0 0 0 0 0 0 0 0 0 0 0 0 0 0 0 0 0 0 0 0 0 0 0 0 0 0 0 0 0 0 0 0 
0 0 0 0 0 0 0 0 0 0 0 0 0 0 0 0 0 0 0 0 0 0 0 0 0 0 0 0 0 0 0 0 0 0 0 0 0 0 0 0 0 0 0 0 0 0 0 0 0 0 0 0 0 0 0 0 0 0 0 0 0 0 0 0 0 0 0 0 0 0 0 0 0 0 0 0 0 0 0 0 0 0 0 0 0 0 0 0 0 0 0 0 0 0 0 0 0 0 0 0 
0 0 0 0 0 0 0 0 0 0 0 0 0 0 0 0 0 0 0 0 0 0 0 0 0 0 0 0 0 0 0 0 0 0 0 0 0 0 0 0 0 0 0 0 0 0 0 0 0 0 0 0 0 0 0 0 0 0 0 0 0 0 0 0 0 0 0 0 0 0 0 0 0 0 0 0 0 0 0 0 0 0 0 0 0 0 0 0 0 0 0 0 0 0 0 0 0 0 0 0 
0 0 0 0 0 0 0 0 0 0 0 0 0 0 0 0 0 0 0 0 0 0 0 0 0 0 0 0 0 0 0 0 0 0 0 0 0 0 0 0 0 0 0 0 0 0 0 0 0 0 0 0 0 0 0 0 0 0 0 0 0 0 0 0 0 0 0 0 0 0 0 0 0 0 0 0 0 0 0 0 0 0 0 0 0 0 0 0 0 0 0 0 0 0 0 0 0 0 0 0 
0 0 0 0 0 0 0 0 0 0 0 0 0 0 0 0 0 0 0 0 0 0 0 0 0 0 0 0 0 0 0 0 0 0 0 0 0 0 0 0 0 0 0 0 0 0 0 0 0 0 0 0 0 0 0 0 0 0 0 0 0 0 0 0 0 0 0 0 0 0 0 0 0 0 0 0 0 0 0 0 0 0 0 0 0 0 0 0 0 0 0 0 0 0 0 0 0 0 0 0 
0 0 0 0 0 0 0 0 0 0 0 0 0 0 0 0 0 0 0 0 0 0 0 0 0 0 0 0 0 0 0 0 0 0 0 0 0 0 0 0 0 0 0 0 0 0 0 0 0 0 0 0 0 0 0 0 0 0 0 0 0 0 0 0 0 0 0 0 0 0 0 0 0 0 0 0 0 0 0 0 0 0 0 0 0 0 0 0 0 0 0 0 0 0 0 0 0 0 0 0 
0 0 0 0 0 0 0 0 0 0 0 0 0 0 0 0 0 0 0 0 0 0 0 0 0 0 0 0 0 0 0 0 0 0 0 0 0 0 0 0 0 0 0 0 0 0 0 0 0 0 0 0 0 0 0 0 0 0 0 0 0 0 0 0 0 0 0 0 0 0 0 0 0 0 0 0 0 0 0 0 0 0 0 0 0 0 0 0 0 0 0 0 0 0 0 0 0 0 0 0 
0 0 0 0 0 0 0 0 0 0 0 0 0 0 0 0 0 0 0 0 0 0 0 0 0 0 0 0 0 0 0 0 0 0 0 0 0 0 0 0 0 0 0 1 1 1 1 1 0 0 0 0 0 0 0 0 0 0 0 0 0 0 0 0 0 0 0 0 0 0 0 0 0 0 0 0 0 0 0 0 0 0 0 0 0 0 0 0 0 0 0 0 0 0 0 0 0 0 0 0 
0 0 0 0 0 0 0 0 0 0 0 0 0 0 0 0 0 0 0 0 0 0 0 0 0 0 0 0 0 1 1 1 1 1 1 1 0 0 0 0 0 1 1 1 1 1 1 1 1 1 0 0 0 0 0 0 0 0 0 0 0 0 0 0 0 0 0 0 0 0 0 0 0 0 0 0 0 0 0 0 0 0 0 0 0 0 0 0 0 0 0 0 0 0 0 0 0 0 0 0 
0 0 0 0 0 0 0 0 0 0 0 0 0 0 0 0 0 0 0 0 0 0 0 0 0 0 0 1 1 1 1 1 1 1 1 1 1 1 1 1 1 1 1 1 1 1 1 1 1 1 1 1 0 0 0 0 0 0 0 0 0 0 0 0 0 0 0 0 0 0 0 0 0 0 0 0 0 0 0 0 0 0 0 0 0 0 0 0 0 0 0 0 0 0 0 0 0 0 0 0 
0 0 0 0 0 0 0 0 0 0 0 0 0 0 0 0 0 0 0 0 0 0 0 0 0 0 0 1 1 1 1 1 1 1 1 1 1 1 1 1 1 1 1 1 1 1 1 1 1 1 1 1 1 1 1 0 0 0 0 0 0 0 0 0 0 0 0 0 0 0 0 0 0 0 0 0 0 0 0 0 0 0 0 0 0 0 0 0 0 0 0 0 0 0 0 0 0 0 0 0 
0 0 0 0 0 0 0 0 0 0 0 0 0 0 0 0 0 0 0 0 0 0 0 0 0 0 0 1 1 1 1 1 1 1 1 1 1 1 1 1 1 1 1 1 1 1 1 1 1 1 1 1 1 1 1 1 0 1 1 1 1 0 0 0 0 0 0 0 0 0 0 0 0 0 0 0 0 0 0 0 0 0 0 0 0 0 0 0 0 0 0 0 0 0 0 0 0 0 0 0 
0 0 0 0 0 0 0 0 0 0 0 0 0 0 0 0 0 0 0 0 0 0 0 0 0 0 1 1 1 1 1 1 1 1 1 1 1 1 1 1 1 1 1 1 1 1 1 1 1 1 1 1 1 1 1 1 1 1 1 1 1 1 1 1 0 0 0 0 0 0 0 0 0 0 0 0 0 0 0 0 0 0 0 0 0 0 0 0 0 0 0 0 0 0 0 0 0 0 0 0 
0 0 0 0 0 0 0 0 0 0 0 0 0 0 0 0 0 0 0 0 0 0 0 0 0 0 1 1 1 1 1 1 1 1 1 1 1 1 1 1 1 1 1 1 1 1 1 1 1 1 1 1 1 1 1 1 1 1 1 1 1 1 1 1 1 1 1 1 1 1 0 0 0 0 0 0 0 0 0 0 0 0 0 0 0 0 0 0 0 0 0 0 0 0 0 0 0 0 0 0 
0 0 0 0 0 0 0 0 0 0 0 0 0 0 0 0 0 0 0 0 0 0 0 0 0 0 1 1 1 1 1 1 1 1 1 1 1 1 1 1 1 1 1 1 1 1 1 1 1 1 1 1 1 1 1 1 1 1 1 1 1 1 1 1 1 1 1 1 1 1 1 1 0 0 0 0 0 0 0 0 0 0 0 0 0 0 0 0 0 0 0 0 0 0 0 0 0 0 0 0 
0 0 0 0 0 0 0 0 0 0 0 0 0 0 0 0 0 0 0 0 0 0 0 0 0 0 1 1 1 1 1 1 1 1 1 1 1 1 1 1 1 1 1 1 1 1 1 1 1 1 1 1 1 1 1 1 1 1 1 1 1 1 1 1 1 1 1 1 1 1 1 1 1 1 1 1 1 1 0 0 0 0 0 0 0 0 0 0 0 0 0 0 0 0 0 0 0 0 0 0 
0 0 0 0 0 0 0 0 0 1 1 1 1 1 0 0 0 0 0 0 0 0 0 0 0 0 1 1 1 1 1 1 1 1 1 1 1 1 1 1 1 1 1 1 1 1 1 1 1 1 1 1 1 1 1 1 1 1 1 1 1 1 1 1 1 1 1 1 1 1 1 1 1 1 1 1 1 1 1 0 0 0 0 0 0 0 0 0 0 0 0 0 0 0 0 0 0 0 0 0 
0 0 0 0 0 0 0 0 0 1 1 1 1 1 1 0 0 0 0 0 0 0 0 0 0 0 1 1 1 1 1 1 1 1 1 1 1 1 1 1 1 1 1 1 1 1 1 1 1 1 1 1 1 1 1 1 1 1 1 1 1 1 1 1 1 1 1 1 1 1 1 1 1 1 1 1 1 1 1 0 0 0 0 0 0 0 0 0 0 0 0 0 0 0 0 0 0 0 0 0 
0 0 0 0 0 0 0 0 0 1 1 1 1 1 1 1 0 0 0 0 0 0 0 0 0 0 1 1 1 1 1 1 1 1 1 1 1 1 1 1 1 1 1 1 1 1 1 1 1 1 1 1 1 1 1 1 1 1 1 1 1 1 1 1 1 1 1 1 1 1 1 1 1 1 1 1 1 1 1 0 0 0 0 0 0 0 0 0 0 0 0 0 0 0 0 0 0 0 0 0 
0 0 0 0 0 0 0 0 0 1 1 1 1 1 1 1 1 0 0 0 0 0 0 0 0 0 1 1 1 1 1 1 1 1 1 1 1 1 1 1 1 1 1 1 1 1 1 1 1 1 1 1 1 1 1 1 1 1 1 1 1 1 1 1 1 1 1 1 1 1 1 1 1 1 1 1 1 1 1 1 0 0 0 0 0 0 0 0 0 0 0 0 0 0 0 0 0 0 0 0 
0 0 0 0 0 0 0 0 0 0 1 1 1 1 1 1 1 0 0 0 0 0 0 0 0 0 1 1 1 1 1 1 1 1 1 1 1 1 1 1 1 1 1 1 1 1 1 1 1 1 1 1 1 1 1 1 1 1 1 1 1 1 1 1 1 1 1 1 1 1 1 1 1 1 1 1 1 1 1 1 0 0 0 0 0 0 0 0 0 0 0 0 0 0 0 0 0 0 0 0 
0 0 0 0 0 0 0 0 0 0 0 1 1 1 1 1 1 1 0 0 0 0 0 0 0 0 1 1 1 1 1 1 1 1 1 1 1 1 1 1 1 1 1 1 1 1 1 1 1 1 1 1 1 1 1 1 1 1 1 1 1 1 1 1 1 1 1 1 1 1 1 1 1 1 1 1 1 1 1 0 0 0 0 0 0 0 0 0 0 0 0 0 0 0 0 0 0 0 0 0 
0 0 0 0 0 0 0 0 0 0 0 1 1 1 1 1 1 1 1 0 0 0 0 0 0 0 1 1 1 1 1 1 1 1 1 1 1 1 1 1 1 1 1 1 1 1 1 1 1 1 1 1 1 1 1 1 1 1 1 1 1 1 1 1 1 1 1 1 1 1 1 1 1 1 1 1 1 1 1 0 0 0 0 0 0 0 0 0 0 0 0 0 0 0 0 0 0 0 0 0 
0 0 0 0 0 0 0 0 0 0 0 0 1 1 1 1 1 1 1 0 0 0 0 0 0 0 1 1 1 1 1 1 1 1 1 1 1 1 1 1 1 1 1 1 1 1 1 1 1 1 1 1 1 1 1 1 1 1 1 1 1 1 1 1 1 1 1 1 1 1 1 1 1 1 1 1 1 1 1 1 0 0 0 0 0 0 0 0 0 0 0 0 0 0 0 0 0 0 0 0 
0 0 0 0 0 0 0 0 0 0 0 0 1 1 1 1 1 1 1 0 0 1 1 1 0 0 1 1 1 1 1 1 1 1 1 1 1 1 1 1 1 1 1 1 1 1 1 1 1 1 1 1 1 1 1 1 1 1 1 1 1 1 1 1 1 1 1 1 1 1 1 1 1 1 1 1 1 1 1 1 0 0 0 0 0 0 0 0 0 0 0 0 0 0 0 0 0 0 0 0 
0 0 0 0 0 0 0 0 0 0 0 0 1 1 1 1 1 1 1 1 0 1 1 1 1 1 1 1 1 1 1 1 1 1 1 1 1 1 1 1 1 1 1 1 1 1 1 1 1 1 1 1 1 1 1 1 1 1 1 1 1 1 1 1 1 1 1 1 1 1 1 1 1 1 1 1 1 1 1 1 0 0 0 0 0 0 0 0 0 0 0 0 0 0 0 0 0 0 0 0 
0 0 0 0 0 0 0 0 0 0 0 0 1 1 1 1 1 0 0 1 0 1 1 1 1 1 1 1 1 1 1 1 1 1 1 1 1 1 1 1 1 1 1 1 1 1 1 1 1 1 1 1 1 1 1 1 1 1 1 1 1 1 1 1 1 1 1 1 1 1 1 1 1 1 1 1 1 1 1 1 1 0 0 0 0 0 0 0 0 0 0 0 0 0 0 0 0 0 0 0 
0 0 0 0 0 0 0 0 0 0 0 0 1 1 1 1 1 1 1 1 1 1 1 1 1 1 1 1 1 1 1 1 1 1 1 1 1 1 1 1 1 1 1 1 1 1 1 1 1 1 1 1 1 1 1 1 1 1 1 1 1 1 1 1 1 1 1 1 1 1 1 1 1 1 1 1 1 1 1 1 1 1 1 0 0 0 0 0 0 0 0 0 0 0 0 0 0 0 0 0 
0 0 0 0 0 0 0 0 0 0 0 0 1 1 1 1 1 1 1 1 1 1 1 1 1 1 1 1 1 1 1 1 1 1 1 1 1 1 1 1 1 1 1 1 1 1 1 1 1 1 1 1 1 1 1 1 1 1 1 1 1 1 1 1 1 1 1 1 1 1 1 1 1 1 1 1 1 1 1 1 1 1 1 0 0 0 0 0 0 0 0 0 0 0 0 0 0 0 0 0 
0 0 0 0 0 0 0 0 0 0 0 0 1 1 1 1 1 1 1 1 1 1 1 1 1 1 1 1 1 1 1 1 1 1 1 1 1 1 1 1 1 1 1 1 1 1 1 1 1 1 1 1 1 1 1 1 1 1 1 1 1 1 1 1 1 1 1 1 1 1 1 1 1 1 1 1 1 1 1 1 1 1 1 1 0 0 0 0 0 0 0 0 0 0 0 0 0 0 0 0 
0 0 0 0 0 0 0 0 0 0 0 0 1 1 1 1 1 1 1 1 1 1 1 1 1 1 1 1 1 1 1 1 1 1 1 1 1 1 1 1 1 1 1 1 1 1 1 1 1 1 1 1 1 1 1 1 1 1 1 1 1 1 1 1 1 1 1 1 1 1 1 1 1 1 1 1 1 1 1 1 1 1 1 1 1 0 0 0 0 0 0 0 0 0 0 0 0 0 0 0 
0 0 0 0 0 0 0 0 0 0 0 0 1 1 1 1 1 1 1 1 1 1 1 1 1 1 1 1 1 1 1 1 1 1 1 1 1 1 1 1 1 1 1 1 1 1 1 1 1 1 1 1 1 1 1 1 1 1 1 1 1 1 1 1 1 1 1 1 1 1 1 1 1 1 1 1 1 1 1 1 1 1 1 1 1 0 0 0 0 0 0 0 0 0 0 0 0 0 0 0 
0 0 0 0 0 0 0 0 0 0 0 0 0 1 1 1 1 1 1 1 1 1 1 1 1 1 1 1 1 1 1 1 1 1 1 1 1 1 1 1 1 1 1 1 1 1 1 1 1 1 1 1 1 1 1 1 1 1 1 1 1 1 1 1 1 1 1 1 1 1 1 1 1 1 1 1 1 1 1 1 1 1 1 1 1 1 0 0 0 0 0 0 0 0 0 0 0 0 0 0 
0 0 0 0 0 0 0 0 0 0 0 0 0 1 1 1 1 1 1 1 1 1 1 1 1 1 1 1 1 1 1 1 1 1 1 1 1 1 1 1 1 1 1 1 1 1 1 1 1 1 1 1 1 1 1 1 1 1 1 1 1 1 1 1 1 1 1 1 1 1 1 1 1 1 1 1 1 1 1 1 1 1 1 1 1 1 1 0 0 0 0 0 0 0 0 0 0 0 0 0 
0 0 0 0 0 0 0 0 0 0 0 0 0 0 1 1 1 1 1 1 1 1 1 1 1 1 1 1 1 1 1 1 1 1 1 1 1 1 1 1 1 1 1 1 1 1 1 1 1 1 1 1 1 1 1 1 1 1 1 1 1 1 1 1 1 1 1 1 1 1 1 1 1 1 1 1 1 1 1 1 1 1 1 1 1 1 1 0 0 0 0 0 0 0 0 0 0 0 0 0 
0 0 0 0 0 0 0 0 0 0 0 0 0 0 1 1 1 1 1 1 1 1 1 1 1 1 1 1 1 1 1 1 1 1 1 1 1 1 1 1 1 1 1 1 1 1 1 1 1 1 1 1 1 1 1 1 1 1 1 1 1 1 1 1 1 1 1 1 1 1 1 1 1 1 1 1 1 1 1 1 1 1 1 1 1 1 1 1 0 0 0 0 0 0 0 0 0 0 0 0 
0 0 0 0 0 0 0 0 0 0 0 0 0 0 1 1 1 1 1 1 1 1 1 1 1 1 1 1 1 1 1 1 1 1 1 1 1 1 1 1 1 1 1 1 1 1 1 1 1 1 1 1 1 1 1 1 1 1 1 1 1 1 1 1 1 1 1 1 1 1 1 1 1 1 1 1 1 1 1 1 1 1 1 1 1 1 1 1 1 0 0 0 0 0 0 0 0 0 0 0 
0 0 0 0 0 0 0 0 0 0 0 0 0 0 0 1 1 1 1 1 1 1 1 1 1 1 1 1 1 1 1 1 1 1 1 1 1 1 1 1 1 1 1 1 1 1 1 1 1 1 1 1 1 1 1 1 1 1 1 1 1 1 1 1 1 1 1 1 1 1 1 1 1 1 1 1 1 1 1 1 1 1 1 1 1 1 1 1 1 1 0 0 0 0 0 0 0 0 0 0 
0 0 0 0 0 0 0 0 0 0 0 0 0 0 0 1 1 1 1 1 1 1 1 1 1 1 1 1 1 1 1 1 1 1 1 1 1 1 1 1 1 1 1 1 1 1 1 1 1 1 1 1 1 1 1 1 1 1 1 1 1 1 1 1 1 1 1 1 1 1 1 1 1 1 1 1 1 1 1 1 1 1 1 1 1 1 1 1 1 1 1 0 0 0 0 0 0 0 0 0 
0 0 0 0 0 0 0 0 0 0 0 0 0 0 0 1 1 1 1 1 1 1 1 1 1 1 1 1 1 1 1 1 1 1 1 1 1 1 1 1 1 1 1 1 1 1 1 1 1 1 1 1 1 1 1 1 1 1 1 1 1 1 1 1 1 1 1 1 1 1 1 1 1 1 1 1 1 1 1 1 1 1 1 1 1 1 1 1 1 1 1 1 0 0 0 0 0 0 0 0 
0 0 0 0 0 0 0 0 0 0 0 0 0 0 0 1 1 1 1 1 1 1 1 1 1 1 1 1 1 1 1 1 1 1 1 1 1 1 1 1 1 1 1 1 1 1 1 1 1 1 1 1 1 1 1 1 1 1 1 1 1 1 1 1 1 1 1 1 1 1 1 1 1 1 1 1 1 1 1 1 1 1 1 1 1 1 1 1 1 1 1 1 0 0 0 0 0 0 0 0 
0 0 0 0 0 0 0 0 0 0 0 0 0 0 0 0 0 1 1 1 1 1 1 1 1 1 1 1 1 1 1 1 1 1 1 1 1 1 1 1 1 1 1 1 1 1 1 1 1 1 1 1 1 1 1 1 1 1 1 1 1 1 1 1 1 1 1 1 1 1 1 1 1 1 1 1 1 1 1 1 1 1 1 1 1 1 1 0 0 1 0 0 0 0 0 0 0 0 0 0 
0 0 0 0 0 0 0 0 0 0 0 0 0 0 0 0 0 0 0 1 1 1 1 1 1 1 1 1 1 1 1 1 1 1 1 1 1 1 1 1 1 1 1 1 1 1 1 1 1 1 1 1 1 1 1 1 1 1 1 1 1 1 1 1 1 1 1 1 1 1 1 1 1 1 1 1 1 1 1 1 1 1 1 1 1 1 1 0 0 0 0 0 0 0 0 0 0 0 0 0 
0 0 0 0 0 0 0 0 0 0 0 0 0 0 0 0 0 0 0 0 1 1 1 1 1 1 1 1 1 1 1 1 1 1 1 1 1 1 1 1 1 1 1 1 1 1 1 1 1 1 1 1 1 1 1 1 1 1 1 1 1 1 1 1 1 1 1 1 1 1 1 1 1 1 1 1 1 1 1 1 1 1 1 1 1 1 1 0 0 0 0 0 0 0 0 0 0 0 0 0 
0 0 0 0 0 0 0 0 0 0 0 0 0 0 0 0 0 0 0 0 1 1 1 1 1 1 1 1 1 1 1 1 1 1 1 1 1 1 1 1 1 1 1 1 1 1 1 1 1 1 1 1 1 1 1 1 1 1 1 1 1 1 1 1 1 1 1 1 1 1 1 1 1 1 1 1 1 1 1 1 1 1 1 1 1 1 0 0 0 0 0 1 0 0 0 0 0 0 0 0 
0 0 0 0 0 0 0 0 0 0 0 0 0 0 0 0 0 0 0 0 0 0 1 1 1 1 1 1 1 1 1 1 1 1 1 1 1 1 1 1 1 1 1 1 1 1 1 1 1 1 1 1 1 1 1 1 1 1 1 1 1 1 1 1 1 1 1 1 1 1 1 1 1 1 1 1 1 1 1 1 1 1 1 1 1 1 1 0 0 0 0 1 0 0 0 0 0 0 0 0 
0 0 0 0 0 0 0 0 0 0 0 0 0 0 0 0 0 0 0 0 0 1 1 1 1 1 1 1 1 1 1 1 1 1 1 1 1 1 1 1 1 1 1 1 1 1 1 1 1 1 1 1 1 1 1 1 1 1 1 1 1 1 1 1 1 1 1 1 1 1 1 1 1 1 1 1 1 1 1 1 1 1 1 1 1 1 1 0 0 0 0 1 0 0 0 0 0 0 0 0 
0 0 0 0 0 0 0 0 0 0 1 1 1 0 0 0 0 0 0 0 0 1 1 1 1 1 1 1 1 1 1 1 1 1 1 1 1 1 1 1 1 1 1 1 1 1 1 1 1 1 1 1 1 1 1 1 1 1 1 1 1 1 1 1 1 1 1 1 1 1 1 1 1 1 1 1 1 1 1 1 1 1 1 1 1 1 1 1 0 0 0 0 0 0 0 0 0 0 0 0 
0 0 0 0 0 0 0 0 0 0 1 1 1 1 0 0 0 0 0 0 1 1 1 1 1 1 1 1 1 1 1 1 1 1 1 1 1 1 1 1 1 1 1 1 1 1 1 1 1 1 1 1 1 1 1 1 1 1 1 1 1 1 1 1 1 1 1 1 1 1 1 1 1 1 1 1 1 1 1 1 1 1 1 1 1 1 1 1 0 0 0 0 0 0 0 0 0 0 0 0 
0 0 0 0 0 0 0 0 0 1 1 1 1 1 1 1 0 0 0 1 1 1 1 1 1 1 1 1 1 1 1 1 1 1 1 1 1 1 1 1 1 1 1 1 1 1 1 1 1 1 1 1 1 1 1 1 1 1 1 1 1 1 1 1 1 1 1 1 1 1 1 1 1 1 1 1 1 1 1 1 1 1 1 1 1 1 1 1 0 0 0 0 0 0 0 0 0 0 0 0 
0 0 0 0 0 0 0 0 1 1 1 1 1 1 1 1 1 0 1 1 1 1 1 1 1 1 1 1 1 1 1 1 1 1 1 1 1 1 1 1 1 1 1 1 1 1 1 1 1 1 1 1 1 1 1 1 1 1 1 1 1 1 1 1 1 1 1 1 1 1 1 1 1 1 1 1 1 1 1 1 1 1 1 1 1 1 1 0 0 0 0 0 0 0 0 0 0 0 0 0 
0 0 0 0 0 0 0 0 1 1 1 1 1 1 1 1 1 1 1 1 1 1 1 1 1 1 1 1 1 1 1 1 1 1 1 1 1 1 1 1 1 1 1 1 1 1 1 1 1 1 1 1 1 1 1 1 1 1 1 1 1 1 1 1 1 1 1 1 1 1 1 1 1 1 1 1 1 1 1 1 1 1 1 1 1 1 0 0 0 0 0 0 0 0 0 0 0 0 0 0 
0 0 0 0 0 0 0 0 0 1 1 1 1 1 1 1 1 1 1 1 1 1 1 1 1 1 1 1 1 1 1 1 1 1 1 1 1 1 1 1 1 1 1 1 1 1 1 1 1 1 1 1 1 1 1 1 1 1 1 1 1 1 1 1 1 1 1 1 1 1 1 1 1 1 1 1 1 1 1 1 1 1 1 1 1 1 1 0 0 0 0 0 0 0 0 0 0 0 0 0 
0 0 0 0 0 0 0 0 0 1 1 1 1 1 1 1 1 1 1 1 1 1 1 1 1 1 1 1 1 1 1 1 1 1 1 1 1 1 1 1 1 1 1 1 1 1 1 1 1 1 1 1 1 1 1 1 1 1 1 1 1 1 1 1 1 1 1 1 1 1 1 1 1 1 1 1 1 1 1 1 1 1 1 1 1 1 1 0 0 0 0 0 0 0 0 0 0 0 0 0 
0 0 0 0 0 0 0 0 0 0 1 1 1 1 1 1 1 1 1 1 1 1 1 1 1 1 1 1 1 1 1 1 1 1 1 1 1 1 1 1 1 1 1 1 1 1 1 1 1 1 1 1 1 1 1 1 1 1 1 1 1 1 1 1 1 1 1 1 1 1 1 1 1 1 1 1 1 1 1 1 1 1 1 1 1 1 1 0 0 0 0 0 0 0 0 0 0 0 0 0 
0 0 0 0 0 0 0 0 0 0 1 1 1 1 1 1 1 1 1 1 1 1 1 1 1 1 1 1 1 1 1 1 1 1 1 1 1 1 1 1 1 1 1 1 1 1 1 1 1 1 1 1 1 1 1 1 1 1 1 1 1 1 1 1 1 1 1 1 1 1 1 1 1 1 1 1 1 1 1 1 1 1 1 1 1 1 1 1 0 0 0 0 0 0 0 0 0 0 0 0 
0 0 0 0 0 0 0 0 0 0 1 1 1 1 1 1 1 1 1 1 1 1 1 1 1 1 1 1 1 1 1 1 1 1 1 1 1 1 1 1 1 1 1 1 1 1 1 1 1 1 1 1 1 1 1 1 1 1 1 1 1 1 1 1 1 1 1 1 1 1 1 1 1 1 1 1 1 1 1 1 1 1 1 1 1 1 1 0 0 0 0 0 0 0 0 0 0 0 0 0 
0 0 0 0 0 0 0 0 0 0 1 1 1 1 1 1 1 1 1 1 1 1 1 1 1 1 1 1 1 1 1 1 1 1 1 1 1 1 1 1 1 1 1 1 1 1 1 1 1 1 1 1 1 1 1 1 1 1 1 1 1 1 1 1 1 1 1 1 1 1 1 1 1 1 1 1 1 1 1 1 1 1 1 1 1 1 1 1 0 0 0 0 0 0 0 0 0 0 0 0 
0 0 0 0 0 0 0 0 0 0 1 1 1 1 1 1 1 1 1 1 1 1 1 1 1 1 1 1 1 1 1 1 1 1 1 1 1 1 1 1 1 1 1 1 1 1 1 1 1 1 1 1 1 1 1 1 1 1 1 1 1 1 1 1 1 1 1 1 1 1 1 1 1 1 1 1 1 1 1 1 1 1 1 1 1 1 1 1 0 0 0 0 0 0 0 0 0 0 0 0 
0 0 0 0 0 0 0 0 0 0 0 1 1 1 1 1 1 1 1 1 1 1 1 1 1 1 1 1 1 1 1 1 1 1 1 1 1 1 1 1 1 1 1 1 1 1 1 1 1 1 1 1 1 1 1 1 1 1 1 1 1 1 1 1 0 0 0 1 1 1 1 1 1 1 1 1 1 1 1 1 1 1 1 1 0 1 1 0 0 0 0 0 0 0 0 0 0 0 0 0 
0 0 0 0 0 0 0 0 0 0 0 0 1 1 1 1 1 1 1 1 1 1 1 1 1 1 1 1 1 1 1 1 1 1 1 1 1 1 1 1 1 1 1 1 1 1 1 1 1 1 1 1 1 1 1 1 1 1 1 1 1 1 1 1 1 0 0 1 1 1 1 1 1 1 1 1 1 1 1 1 1 1 1 1 1 0 0 0 0 0 0 0 0 0 0 0 0 0 0 0 
0 0 0 0 0 0 0 0 0 0 0 0 1 1 1 1 1 1 1 1 1 1 1 1 1 1 1 1 1 1 1 1 1 1 1 1 1 1 1 1 1 1 1 1 1 1 1 1 1 1 1 1 1 1 1 1 1 1 1 1 1 1 1 1 1 1 0 1 1 1 1 1 1 1 1 1 1 1 1 1 1 1 1 1 1 0 0 0 0 0 0 0 0 0 0 0 0 0 0 0 
0 0 0 0 0 0 0 0 0 0 0 0 1 1 1 1 1 1 1 1 1 1 1 1 1 1 1 1 1 1 1 1 1 1 1 1 1 1 1 1 1 1 1 1 1 1 1 1 1 1 1 1 1 1 1 1 1 1 1 1 1 1 1 1 1 1 1 1 1 1 1 1 1 1 1 1 1 1 1 1 1 1 1 1 1 0 0 0 0 0 0 0 0 0 0 0 0 0 0 0 
0 0 0 0 0 0 0 0 0 0 0 0 0 0 0 1 1 1 1 1 1 1 1 1 1 1 1 1 1 1 1 1 1 1 1 1 1 1 1 1 1 1 1 1 1 1 1 1 1 1 1 1 1 1 1 1 1 1 1 1 1 1 1 1 1 1 1 1 1 1 1 1 1 1 1 1 1 1 1 1 1 1 1 1 1 0 0 0 0 0 0 0 0 0 0 0 0 0 0 0 
0 0 0 0 0 0 0 0 0 0 0 0 0 0 0 0 0 0 0 0 0 1 1 0 0 1 0 1 1 1 1 1 1 1 1 1 1 1 1 1 1 1 1 1 1 1 1 1 1 1 1 1 1 1 1 1 1 1 1 1 1 1 1 1 1 1 1 1 1 1 1 1 1 1 1 1 1 1 1 1 1 1 1 1 1 1 0 0 0 0 0 0 0 0 0 0 0 0 0 0 
0 0 0 0 0 0 0 0 0 0 0 0 0 0 0 0 0 0 0 0 0 0 0 0 0 0 0 1 1 1 1 1 1 1 1 1 1 1 1 1 1 1 1 1 1 1 1 1 1 1 1 1 1 1 1 1 1 1 1 1 1 1 1 1 1 1 1 1 1 1 1 1 1 1 1 1 1 1 1 1 1 1 1 1 1 0 0 0 0 0 0 0 0 0 0 0 0 0 0 0 
0 0 0 0 0 0 0 0 0 0 0 0 0 0 0 0 0 0 0 0 0 0 0 0 0 0 0 1 1 1 1 1 1 1 1 1 1 1 1 1 1 1 1 1 1 1 1 1 1 1 1 1 1 1 1 1 1 1 1 1 1 1 1 1 1 1 1 1 1 1 1 1 1 1 1 1 1 1 1 1 1 1 1 1 1 1 0 0 0 0 0 0 0 0 0 0 0 0 0 0 
0 0 0 0 0 0 0 0 0 0 0 0 0 0 0 0 0 0 0 0 0 0 0 0 0 0 0 1 1 1 1 1 1 1 1 1 1 1 1 1 1 1 1 1 1 1 1 1 1 1 1 1 1 1 1 1 1 1 1 1 1 1 1 1 1 1 1 1 1 1 1 1 1 1 1 1 1 1 1 1 1 1 1 1 1 1 0 0 0 0 0 0 0 0 0 0 0 0 0 0 
0 0 0 0 0 0 0 0 0 0 0 0 0 0 0 0 0 0 0 0 0 0 0 0 0 0 0 1 1 1 1 1 1 1 1 1 1 1 1 1 1 1 1 1 1 1 1 1 1 1 1 1 1 1 1 1 1 1 1 1 1 1 1 1 1 1 1 1 1 1 1 1 1 1 1 1 1 1 1 1 1 1 1 1 1 1 1 0 0 0 0 0 0 0 0 0 0 0 0 0 
0 0 0 0 0 0 0 0 0 0 0 0 0 0 0 0 0 0 0 0 0 0 0 0 0 0 0 1 1 1 1 1 1 1 1 1 1 1 1 1 1 1 1 1 1 1 1 1 1 1 1 1 1 1 1 1 1 1 1 1 1 1 1 1 1 1 1 1 1 1 1 1 1 1 1 1 1 1 1 1 1 1 1 1 1 1 1 0 0 0 0 0 0 0 0 0 0 0 0 0 
0 0 0 0 0 0 0 0 0 0 0 0 0 0 0 0 0 0 0 0 0 0 0 0 0 0 1 1 1 1 1 1 1 1 1 1 1 1 1 1 1 1 1 1 1 1 1 1 1 1 1 1 1 1 1 1 1 1 1 1 1 1 1 1 1 1 1 1 1 1 1 1 1 1 1 1 1 1 1 1 1 1 1 0 1 1 0 0 0 0 0 0 0 0 0 0 0 0 0 0 
0 0 0 0 0 0 0 0 0 0 0 0 0 0 0 0 0 0 0 0 0 0 0 0 0 0 1 1 1 1 1 1 1 1 1 1 1 1 1 1 1 1 1 1 1 1 1 1 1 1 1 1 1 1 1 1 1 1 1 1 1 1 1 1 1 1 1 1 1 1 1 1 1 1 1 1 1 1 1 1 1 1 1 1 0 0 0 0 0 0 0 0 0 0 0 0 0 0 0 0 
0 0 0 0 0 0 0 0 0 0 0 0 0 0 0 0 0 0 0 0 0 0 0 0 0 1 1 1 1 1 1 1 1 1 1 1 1 1 1 1 1 1 1 1 1 1 1 1 1 1 1 1 1 1 1 1 1 1 1 1 1 1 1 1 1 1 1 1 1 1 1 1 1 1 1 1 1 1 1 1 1 1 1 0 0 0 0 0 0 0 0 0 0 0 0 0 0 0 0 0 
0 0 0 0 0 0 0 0 0 0 0 0 0 0 0 0 0 0 0 0 0 0 0 0 0 1 1 1 1 1 1 1 1 1 1 1 1 1 1 1 1 1 1 1 1 1 1 1 1 1 1 1 1 1 1 1 1 1 1 1 1 1 1 1 1 1 1 1 1 1 1 1 1 1 1 1 1 1 1 1 1 1 1 1 0 0 0 0 0 0 0 0 0 0 0 0 0 0 0 0 
0 0 0 0 0 0 0 0 0 0 0 0 0 0 0 0 0 0 0 0 0 0 0 0 0 1 1 1 1 1 1 1 1 1 1 1 1 1 1 1 1 1 1 1 1 1 1 1 1 1 1 1 1 1 1 1 1 1 1 1 1 1 1 1 1 1 1 1 1 1 1 1 1 1 1 1 1 1 1 1 1 1 1 1 0 0 0 0 0 0 0 0 0 0 0 0 0 0 0 0 
0 0 0 0 0 0 0 0 0 0 0 0 0 0 0 0 0 0 0 0 0 0 0 0 0 1 1 1 1 1 1 1 1 1 1 1 1 1 1 1 1 1 1 1 1 1 1 1 1 1 1 1 1 1 1 1 1 1 1 1 1 1 1 1 1 1 1 1 1 1 1 1 1 1 1 1 1 1 1 1 1 1 1 0 0 0 0 0 0 0 0 0 0 0 0 0 0 0 0 0 
0 0 0 0 0 0 0 0 0 0 0 0 0 0 0 0 0 0 0 0 0 0 0 0 0 1 1 1 1 1 1 1 1 1 1 1 1 1 1 1 1 1 1 1 1 1 1 1 0 0 0 0 1 1 1 1 1 1 1 1 1 1 1 1 1 1 1 1 1 1 1 0 0 0 1 1 1 1 1 0 1 1 0 0 0 0 0 0 0 0 0 0 0 0 0 0 0 0 0 0 
0 0 0 0 0 0 0 0 0 0 0 0 0 0 0 0 0 0 0 0 0 0 0 0 0 0 1 1 1 1 1 1 1 1 1 1 1 1 1 1 1 1 1 1 1 1 1 0 0 0 0 0 0 0 0 0 0 0 0 1 0 1 1 1 1 1 1 1 1 1 1 0 0 0 0 0 1 1 1 0 0 0 0 0 0 0 0 0 0 0 0 0 0 0 0 0 0 0 0 0 
0 0 0 0 0 0 0 0 0 0 0 0 0 0 0 0 0 0 0 0 0 0 0 0 0 0 0 0 0 0 0 0 1 1 1 1 1 1 1 1 1 1 1 1 1 1 0 0 0 0 0 0 0 0 0 0 0 0 0 0 0 0 1 0 0 0 0 1 0 0 0 0 0 0 0 0 0 0 0 0 0 0 0 0 0 0 0 0 0 0 0 0 0 0 0 0 0 0 0 0 
0 0 0 0 0 0 0 0 0 0 0 0 0 0 0 0 0 0 0 0 0 0 0 0 0 0 0 0 0 0 0 0 1 1 1 1 1 1 1 1 1 1 1 0 0 0 0 0 0 0 0 0 0 0 0 0 0 0 0 0 0 0 0 0 0 0 0 0 0 0 0 0 0 0 0 0 0 0 0 0 0 0 0 0 0 0 0 0 0 0 0 0 0 0 0 0 0 0 0 0 
0 0 0 0 0 0 0 0 0 0 0 0 0 0 0 0 0 0 0 0 0 0 0 0 0 0 0 0 0 0 0 0 0 0 1 1 1 1 1 1 1 1 1 0 0 0 0 0 0 0 0 0 0 0 0 0 0 0 0 0 0 0 0 0 0 0 0 0 0 0 0 0 0 0 0 0 0 0 0 0 0 0 0 0 0 0 0 0 0 0 0 0 0 0 0 0 0 0 0 0 
0 0 0 0 0 0 0 0 0 0 0 0 0 0 0 0 0 0 0 0 0 0 0 0 0 0 0 0 0 0 0 0 0 0 0 0 0 0 0 0 1 0 0 0 0 0 0 0 0 0 0 0 0 0 0 0 0 0 0 0 0 0 0 0 0 0 0 0 0 0 0 0 0 0 0 0 0 0 0 0 0 0 0 0 0 0 0 0 0 0 0 0 0 0 0 0 0 0 0 0 
0 0 0 0 0 0 0 0 0 0 0 0 0 0 0 0 0 0 0 0 0 0 0 0 0 0 0 0 0 0 0 0 0 0 0 0 0 0 0 0 0 0 0 0 0 0 0 0 0 0 0 0 0 0 0 0 0 0 0 0 0 0 0 0 0 0 0 0 0 0 0 0 0 0 0 0 0 0 0 0 0 0 0 0 0 0 0 0 0 0 0 0 0 0 0 0 0 0 0 0 
0 0 0 0 0 0 0 0 0 0 0 0 0 0 0 0 0 0 0 0 0 0 0 0 0 0 0 0 0 0 0 0 0 0 0 0 0 0 0 0 0 0 0 0 0 0 0 0 0 0 0 0 0 0 0 0 0 0 0 0 0 0 0 0 0 0 0 0 0 0 0 0 0 0 0 0 0 0 0 0 0 0 0 0 0 0 0 0 0 0 0 0 0 0 0 0 0 0 0 0 
0 0 0 0 0 0 0 0 0 0 0 0 0 0 0 0 0 0 0 0 0 0 0 0 0 0 0 0 0 0 0 0 0 0 0 0 0 0 0 0 0 0 0 0 0 0 0 0 0 0 0 0 0 0 0 0 0 0 0 0 0 0 0 0 0 0 0 0 0 0 0 0 0 0 0 0 0 0 0 0 0 0 0 0 0 0 0 0 0 0 0 0 0 0 0 0 0 0 0 0 
0 0 0 0 0 0 0 0 0 0 0 0 0 0 0 0 0 0 0 0 0 0 0 0 0 0 0 0 0 0 0 0 0 0 0 0 0 0 0 0 0 0 0 0 0 0 0 0 0 0 0 0 0 0 0 0 0 0 0 0 0 0 0 0 0 0 0 0 0 0 0 0 0 0 0 0 0 0 0 0 0 0 0 0 0 0 0 0 0 0 0 0 0 0 0 0 0 0 0 0 
0 0 0 0 0 0 0 0 0 0 0 0 0 0 0 0 0 0 0 0 0 0 0 0 0 0 0 0 0 0 0 0 0 0 0 0 0 0 0 0 0 0 0 0 0 0 0 0 0 0 0 0 0 0 0 0 0 0 0 0 0 0 0 0 0 0 0 0 0 0 0 0 0 0 0 0 0 0 0 0 0 0 0 0 0 0 0 0 0 0 0 0 0 0 0 0 0 0 0 0 
0 0 0 0 0 0 0 0 0 0 0 0 0 0 0 0 0 0 0 0 0 0 0 0 0 0 0 0 0 0 0 0 0 0 0 0 0 0 0 0 0 0 0 0 0 0 0 0 0 0 0 0 0 0 0 0 0 0 0 0 0 0 0 0 0 0 0 0 0 0 0 0 0 0 0 0 0 0 0 0 0 0 0 0 0 0 0 0 0 0 0 0 0 0 0 0 0 0 0 0 
0 0 0 0 0 0 0 0 0 0 0 0 0 0 0 0 0 0 0 0 0 0 0 0 0 0 0 0 0 0 0 0 0 0 0 0 0 0 0 0 0 0 0 0 0 0 0 0 0 0 0 0 0 0 0 0 0 0 0 0 0 0 0 0 0 0 0 0 0 0 0 0 0 0 0 0 0 0 0 0 0 0 0 0 0 0 0 0 0 0 0 0 0 0 0 0 0 0 0 0 
0 0 0 0 0 0 0 0 0 0 0 0 0 0 0 0 0 0 0 0 0 0 0 0 0 0 0 0 0 0 0 0 0 0 0 0 0 0 0 0 0 0 0 0 0 0 0 0 0 0 0 0 0 0 0 0 0 0 0 0 0 0 0 0 0 0 0 0 0 0 0 0 0 0 0 0 0 0 0 0 0 0 0 0 0 0 0 0 0 0 0 0 0 0 0 0 0 0 0 0 
0 0 0 0 0 0 0 0 0 0 0 0 0 0 0 0 0 0 0 0 0 0 0 0 0 0 0 0 0 0 0 0 0 0 0 0 0 0 0 0 0 0 0 0 0 0 0 0 0 0 0 0 0 0 0 0 0 0 0 0 0 0 0 0 0 0 0 0 0 0 0 0 0 0 0 0 0 0 0 0 0 0 0 0 0 0 0 0 0 0 0 0 0 0 0 0 0 0 0 0 
0 0 0 0 0 0 0 0 0 0 0 0 0 0 0 0 0 0 0 0 0 0 0 0 0 0 0 0 0 0 0 0 0 0 0 0 0 0 0 0 0 0 0 0 0 0 0 0 0 0 0 0 0 0 0 0 0 0 0 0 0 0 0 0 0 0 0 0 0 0 0 0 0 0 0 0 0 0 0 0 0 0 0 0 0 0 0 0 0 0 0 0 0 0 0 0 0 0 0 0 
0 0 0 0 0 0 0 0 0 0 0 0 0 0 0 0 0 0 0 0 0 0 0 0 0 0 0 0 0 0 0 0 0 0 0 0 0 0 0 0 0 0 0 0 0 0 0 0 0 0 0 0 0 0 0 0 0 0 0 0 0 0 0 0 0 0 0 0 0 0 0 0 0 0 0 0 0 0 0 0 0 0 0 0 0 0 0 0 0 0 0 0 0 0 0 0 0 0 0 0 
0 0 0 0 0 0 0 0 0 0 0 0 0 0 0 0 0 0 0 0 0 0 0 0 0 0 0 0 0 0 0 0 0 0 0 0 0 0 0 0 0 0 0 0 0 0 0 0 0 0 0 0 0 0 0 0 0 0 0 0 0 0 0 0 0 0 0 0 0 0 0 0 0 0 0 0 0 0 0 0 0 0 0 0 0 0 0 0 0 0 0 0 0 0 0 0 0 0 0 0 
0 0 0 0 0 0 0 0 0 0 0 0 0 0 0 0 0 0 0 0 0 0 0 0 0 0 0 0 0 0 0 0 0 0 0 0 0 0 0 0 0 0 0 0 0 0 0 0 0 0 0 0 0 0 0 0 0 0 0 0 0 0 0 0 0 0 0 0 0 0 0 0 0 0 0 0 0 0 0 0 0 0 0 0 0 0 0 0 0 0 0 0 0 0 0 0 0 0 0 0 

-----------------------MAP_UP--Islands_Below--------------------------------

-1 -1 -1 -1 -1 -1 -1 -1 -1 -1 -1 -1 -1 -1 -1 -1 -1 -1 -1 -1 -1 -1 -1 -1 -1 -1 -1 -1 -1 -1 -1 -1 -1 -1 -1 -1 -1 -1 -1 -1 -1 -1 -1 -1 -1 -1 -1 -1 -1 -1 -1 -1 -1 -1 -1 -1 -1 -1 -1 -1 -1 -1 -1 -1 -1 -1 -1 -1 -1 -1 -1 -1 -1 -1 -1 -1 -1 -1 -1 -1 -1 -1 -1 -1 -1 -1 -1 -1 -1 -1 -1 -1 -1 -1 -1 -1 -1 -1 -1 -1 
-1 -1 -1 -1 -1 -1 -1 -1 -2 -1 -1 -1 -1 -2 -1 -1 -1 -1 -1 -1 -2 -1 -2 -1 -1 -1 -2 -1 -1 -1 -1 -1 -2 -1 -1 -1 -1 -1 -1 -1 -1 -1 -1 -1 -1 -1 -1 -1 -1 -1 -1 -1 -1 -1 -1 -1 -1 -2 -1 -1 -1 -1 -1 -2 -1 -1 -1 -1 -1 -1 -1 -1 -1 -1 -2 -2 -1 -1 -1 -1 -1 -1 -1 -2 -1 -1 -1 -1 -1 -2 -1 -1 -2 -1 -1 -1 -2 -2 -2 -1 
-1 -1 -1 -1 -1 -1 -1 -2 -1 -2 -2 -2 -2 -2 -2 -1 -1 -1 -1 -1 -1 -2 -2 -2 -2 -2 -1 -1 -1 -1 -1 -2 -2 -1 -1 -1 -1 -1 -1 -1 -1 -2 -1 -1 -2 -1 -1 -1 -2 -2 -1 -1 -1 -1 -1 -1 -1 -1 -2 -1 -1 -1 -2 -2 -2 -2 -1 -1 -1 -1 -1 -1 -1 -1 -1 -2 -1 -1 -2 -1 -1 -2 -2 -1 -1 -1 -1 -2 -2 -2 -2 -1 -2 -2 -2 -2 -1 -1 -2 -1 
-1 -1 -1 -1 -2 -2 -1 -1 -2 -1 -1 -2 -1 -1 -2 -1 -1 -1 -1 -2 -1 -2 -2 -2 -2 -2 -1 -1 -1 -1 -1 -2 -1 -2 -1 -1 -1 -1 -1 -1 -1 -1 -2 -1 -1 -1 -1 -1 -1 -1 -2 -1 -1 -1 -1 -1 -2 -1 -2 -1 -1 -2 -2 -2 -1 -1 -1 -2 -1 -2 -2 -2 -1 -1 -2 -1 -1 -1 -1 -2 -2 -1 -1 -2 -1 -1 -1 -2 -1 -1 -2 -1 -1 -2 -1 -2 -2 -1 -1 -1 
-1 -2 -2 -1 -1 -2 -1 -1 -1 -2 -1 -1 -1 -2 -1 -1 -2 -2 -2 -1 -2 -2 -1 -1 -1 -1 -1 -1 -1 -1 -1 -1 -1 -1 -1 -1 -1 -1 -1 -1 -2 -1 -1 -2 -1 -2 -1 -2 -1 -1 -2 -1 -1 -1 -1 -1 -1 -2 -2 -1 -2 -2 -1 -1 -1 -1 -1 -1 -1 -2 -1 -1 -1 -2 -2 -2 -2 -1 -1 -2 -1 -2 -2 -1 -1 -1 -2 -1 -1 -1 -1 -2 -1 -2 -1 -2 -2 -1 -1 -1 
-1 -1 -1 -2 -1 -1 -1 -1 -2 -2 -1 -1 -2 -1 -2 -2 -1 -2 -1 -2 -2 -1 -2 -1 -1 -1 -1 -1 -1 -1 -1 -1 -2 -1 -1 -1 -2 -2 -2 -1 -2 -1 -2 -1 -1 -1 -2 -1 -1 -1 -1 -1 -1 -1 -1 -1 -1 -1 -1 -2 -2 -2 -1 -2 -1 -1 -1 -1 -2 -2 -1 -1 -1 -1 -1 -2 -2 -1 -1 -1 -1 -1 -2 -2 -1 -1 -1 -1 -1 -1 -2 -2 -1 -2 -1 -1 -1 -1 -1 -1 
-1 -1 -1 -2 -1 -1 -1 -1 -2 -1 -1 -1 -1 -2 -2 -1 -2 -2 -2 -2 -1 -2 -1 -1 -1 -1 -1 -1 -1 -1 -1 -1 -1 -2 -1 -2 -1 -2 -1 -1 -1 -1 -1 -1 -2 -1 -2 -2 -1 -1 -1 -1 -1 -1 -1 -2 -1 -2 -1 -1 -1 -1 -2 -2 -2 -1 -1 -1 -1 -1 -1 -1 -1 -2 -1 -2 -2 -2 -1 -1 -1 -1 -2 -2 -2 -2 -2 -1 -2 -1 -2 -1 -1 -2 -1 -1 -2 -2 -2 -1 
-1 -2 -1 -1 -1 -1 -1 -1 -2 -2 -2 -1 -1 -1 -2 -1 -1 -2 -1 -2 -1 -1 -2 -1 -1 -1 -1 -1 -2 -1 -2 -2 -2 -1 -1 -2 -2 -1 -2 -1 -1 -1 -1 -2 -1 -1 -1 -1 -2 -1 -1 -2 -2 -2 -1 -1 -1 -2 -2 -1 -1 -1 -1 -1 -1 -1 -1 -1 -2 -1 -2 -1 -2 -1 -1 -1 -2 -2 -1 -1 -1 -1 -1 -1 -2 -2 -2 -2 -1 -1 -1 -2 -1 -1 -1 -1 -1 -1 -1 -1 
-1 -1 -1 -1 -1 -1 -1 -1 -1 -2 -1 -1 -1 -1 -1 -2 -1 -1 -1 -1 -1 -1 -1 -1 -1 -1 -1 -1 -1 -1 -1 -1 -2 -1 -1 -1 -1 -2 -1 -2 -1 -1 -1 -2 -1 -1 -1 -1 -2 -2 -1 -1 -2 -2 -2 -2 -2 -1 -2 -1 -2 -1 -2 -1 -1 -1 -1 -1 -1 -2 -2 -1 -1 -1 -1 -2 -2 -1 -2 -1 -1 -2 -2 -2 -2 -2 -1 -3 -1 -2 -1 -2 -1 -1 -1 -1 -2 -1 -2 -1 
-1 -2 -1 -1 -1 -2 -1 -1 -1 -1 -1 -2 -1 -2 -1 -2 -2 -2 -2 -2 -1 -1 -1 -2 -1 -1 -1 -1 -1 -1 -2 -2 -2 -1 -1 -1 -1 -1 -1 -1 -1 -1 -1 -1 -1 -1 -1 -1 -2 -2 -1 -1 -1 -2 -2 -2 -1 -2 -1 -1 -1 -2 -1 -1 -1 -1 -1 -2 -1 -1 -2 -1 -1 -2 -1 -1 -2 -1 -1 -1 -1 -1 -2 -1 -1 -2 -2 -2 -1 -1 -1 -1 -1 -1 -1 -2 -1 -2 -1 -1 
-1 -1 -1 -1 -1 -1 -2 -1 -1 -2 -2 -1 -1 -1 -2 -1 -1 -1 -1 -1 -1 -1 -2 -1 -1 -2 -1 -2 -2 -1 -1 -1 -1 -1 -1 -1 -2 -2 -2 -1 -2 -1 -1 -2 -2 -2 -1 -1 -2 -2 -1 -1 -1 -1 -1 -1 -2 -1 -1 -2 -1 -2 -2 -2 -1 -1 -1 -1 -2 -2 -1 -1 -1 -1 -1 -1 -1 -1 -2 -1 -1 -1 -1 -2 -1 -1 -1 -1 -1 -1 -1 -1 -1 -1 -1 -1 -2 -1 -2 -1 
-1 -1 -1 -1 -1 -1 -1 -2 -1 -1 -1 -1 -1 -2 -1 -1 -2 -2 -1 -1 -1 -1 -1 -1 -1 -1 -1 -1 -1 -1 -1 -2 -1 -2 -2 -2 -1 -1 -1 -1 -1 -1 -1 -1 -2 -1 -1 -1 -1 -1 -1 -1 -1 -1 -1 -1 -1 -2 -1 -1 -1 -2 -1 -1 -2 -1 -1 -1 -2 -1 -1 -1 -1 -1 -1 -1 -2 -1 -1 -1 -1 -1 -2 -2 -1 -1 -1 -1 -1 -1 -2 -1 -1 -1 -1 -2 -2 -1 -2 -1 
-1 -1 -1 -1 -1 -1 -1 -1 -2 -1 -1 -1 -1 -1 -1 -1 -1 -1 -1 -1 -1 -1 -1 -1 -1 -1 -1 -1 -1 -1 -2 -1 -1 -1 -1 -1 -1 -2 -1 -1 -1 -1 -1 0 0 0 0 0 -2 -2 -1 -2 -1 -2 -1 -1 -1 -1 -2 -1 -2 -1 -1 -1 -1 -1 -1 -1 -2 -1 -1 -1 -2 -2 -1 -2 -1 -1 -1 -2 -2 -1 -1 -1 -1 -2 -2 -2 -2 -1 -1 -1 -1 -1 -1 -2 -2 -2 -1 -1 
-1 -1 -2 -1 -1 -1 -2 -1 -1 -2 -2 -2 -1 -2 -2 -1 -1 -1 -1 -1 -1 -1 -1 -1 -2 -2 -1 -2 -1 0 0 0 0 0 0 0 -1 -1 -2 -1 -1 0 0 0 1 1 1 0 0 0 -1 -1 -1 -1 -2 -1 -2 -1 -1 -1 -1 -1 -1 -2 -2 -2 -1 -1 -1 -2 -1 -1 -1 -1 -1 -1 -1 -2 -2 -1 -1 -1 -2 -1 -1 -2 -2 -1 -1 -2 -1 -1 -1 -1 -1 -2 -2 -1 -1 -1 
-1 -1 -1 -1 -2 -2 -1 -1 -1 -2 -1 -1 -2 -1 -1 -1 -2 -1 -1 -1 -1 -1 -1 -2 -1 -1 -1 0 0 0 1 1 1 1 1 0 0 0 0 0 0 0 1 1 2 1 1 1 1 0 0 0 -1 -1 -1 -1 -1 -2 -1 -1 -2 -2 -1 -1 -1 -2 -2 -2 -1 -2 -2 -1 -2 -1 -1 -1 -2 -2 -1 -1 -1 -1 -1 -2 -1 -2 -2 -2 -1 -1 -1 -2 -1 -1 -1 -1 -1 -1 -1 -1 
-1 -1 -1 -2 -2 -1 -1 -2 -1 -2 -2 -1 -1 -1 -1 -2 -1 -2 -1 -1 -2 -1 -1 -1 -1 -1 -1 0 1 1 1 1 2 1 2 1 1 1 1 1 1 1 1 1 1 1 1 1 1 1 1 0 0 0 0 -1 -2 -1 -1 -1 -1 -1 -1 -1 -1 -1 -2 -1 -2 -2 -2 -1 -1 -1 -2 -1 -2 -1 -1 -1 -1 -1 -1 -2 -1 -1 -1 -1 -2 -1 -1 -1 -2 -1 -1 -1 -1 -1 -1 -1 
-1 -1 -2 -1 -1 -1 -2 -2 -1 -2 -1 -2 -1 -1 -1 -2 -1 -1 -1 -1 -1 -1 -2 -2 -1 -1 -1 0 1 1 1 1 1 2 2 2 2 1 1 2 1 1 1 1 1 1 1 1 1 1 1 1 1 1 0 0 -1 0 0 0 0 -1 -1 -1 -1 -2 -2 -2 -2 -2 -1 -2 -1 -1 -1 -1 -1 -1 -2 -1 -1 -2 -1 -2 -1 -1 -1 -2 -2 -1 -2 -2 -1 -1 -1 -1 -1 -1 -1 -1 
-1 -1 -1 -2 -1 -1 -1 -1 -1 -1 -2 -1 -1 -1 -1 -1 -1 -1 -1 -1 -2 -2 -1 -2 -2 -1 0 0 1 1 1 1 1 1 2 2 2 2 2 2 2 1 1 1 1 1 1 1 2 2 1 1 1 2 1 0 0 0 1 1 0 0 0 0 -1 -1 -1 -1 -1 -1 -2 -1 -1 -1 -2 -2 -2 -1 -1 -2 -1 -1 -1 -1 -2 -1 -1 -2 -2 -1 -1 -1 -2 -2 -1 -2 -2 -1 -1 -1 
-1 -1 -1 -1 -1 -1 -1 -1 -1 -1 -1 -1 -1 -1 -1 -1 -2 -1 -1 -1 -2 -3 -2 -2 -2 -2 0 1 1 1 1 1 1 1 1 1 2 2 1 1 2 1 1 1 1 1 2 2 3 2 1 1 1 1 1 1 1 1 1 1 1 1 1 0 0 0 0 0 0 0 -2 -2 -1 -2 -1 -1 -1 -1 -1 -2 -1 -1 -1 -1 -2 -1 -1 -1 -1 -2 -1 -1 -2 -1 -2 -1 -1 -1 -1 -1 
-1 -1 -1 -1 -2 -1 -1 -1 -1 -1 -2 -2 -1 -1 -2 -2 -1 -1 -1 -1 -2 -2 -1 -2 -1 -1 0 1 1 2 1 1 2 1 1 1 1 2 2 1 2 2 1 1 2 1 3 3 3 2 2 1 1 1 1 1 1 2 2 1 2 1 1 1 1 1 1 1 1 0 0 0 -1 -1 -1 -2 -1 -1 -2 -2 -1 -2 -1 -1 -1 -1 -1 -1 -1 -1 -1 -2 -2 -1 -2 -2 -1 -1 -2 -1 
-1 -2 -2 -1 -1 -1 -2 -2 -1 -1 -1 -1 -1 -1 -1 -1 -2 -1 -2 -1 -1 -1 -2 -1 -1 -2 0 1 1 2 2 2 1 1 1 1 1 1 1 2 2 3 3 2 2 2 3 3 3 3 1 2 1 1 1 2 1 2 1 2 1 2 1 1 1 1 1 2 1 1 1 0 0 0 0 0 0 0 -1 -2 -1 -1 -2 -2 -1 -1 -1 -1 -2 -1 -1 -1 -1 -1 -1 -1 -1 -2 -1 -1 
-1 -1 -1 -1 -2 -1 -1 -2 -1 0 0 0 0 0 -1 -1 -2 -1 -1 -1 -1 -2 -2 -1 -2 -2 0 1 2 3 1 1 1 1 1 1 1 1 1 2 2 2 2 2 2 2 2 3 2 2 2 1 1 1 1 1 2 2 3 1 1 1 1 1 1 2 2 2 1 1 1 1 1 1 1 1 1 0 0 -1 -1 -1 -1 -1 -1 -2 -1 -1 -1 -2 -2 -1 -2 -1 -1 -2 -1 -2 -1 -1 
-1 -2 -1 -1 -1 -1 -1 -1 -1 0 1 1 1 0 0 -1 -1 -1 -1 -1 -1 -2 -2 -2 -1 -2 0 1 2 2 2 2 2 1 1 2 1 1 2 2 2 2 2 2 2 2 3 2 3 2 2 2 1 2 1 1 1 2 2 2 1 1 1 1 1 2 3 1 1 2 2 1 1 1 1 1 1 1 0 -1 -1 -2 -1 -1 -1 -1 -1 -1 -1 -1 -2 -1 -1 -1 -2 -1 -2 -2 -1 -1 
-1 -1 -1 -2 -1 -1 -1 -2 -1 0 1 1 1 1 0 0 -1 -1 -1 -1 -1 -2 -3 -1 -2 -2 0 1 1 1 1 2 1 1 1 1 2 2 2 2 3 3 3 2 3 2 2 3 3 3 2 3 3 2 2 2 2 2 3 2 2 1 2 1 2 3 3 2 2 2 1 1 1 1 2 2 1 1 0 -1 -1 -2 -1 -1 -1 -1 -1 -1 -2 -1 -2 -1 -1 -1 -2 -1 -1 -1 -1 -1 
-1 -1 -1 -1 -2 -1 -1 -1 -1 0 0 1 1 1 1 0 0 -1 -1 -1 -1 -1 -2 -2 -1 -2 0 1 1 1 1 1 1 1 1 1 2 2 2 2 3 3 4 4 3 3 3 3 3 3 3 4 4 3 3 3 4 4 3 2 3 3 3 3 3 4 3 3 2 1 2 2 1 1 2 2 1 1 0 0 -1 -1 -1 -1 -1 -1 -1 -1 -2 -2 -1 -1 -1 -1 -1 -1 -1 -1 -1 -1 
-1 -1 -2 -1 -1 -1 -2 -1 -1 -1 0 0 1 1 1 1 0 -1 -1 -2 -1 -1 -2 -2 -2 -1 0 1 1 2 1 2 2 2 2 1 2 2 2 2 3 3 4 4 4 4 3 3 3 3 4 3 4 4 4 3 3 4 4 3 3 4 4 3 4 3 3 3 3 2 2 2 2 2 2 1 1 1 0 0 -1 -1 -1 -2 -1 -1 -1 -1 -1 -1 -2 -1 -1 -2 -1 -1 -1 -1 -1 -1 
-1 -1 -1 -2 -1 -1 -1 -1 -1 -1 -1 0 1 1 1 1 0 0 -1 -1 -1 -1 -1 -1 -1 -1 0 1 2 1 1 2 2 2 3 2 2 2 2 2 3 3 3 3 4 3 3 3 4 4 4 4 4 3 4 4 4 4 3 4 4 5 5 4 4 4 3 3 2 3 3 2 2 2 1 1 1 1 0 -1 -1 -1 -2 -1 -1 -1 -1 -1 -1 -1 -1 -1 -2 -1 -1 -1 -2 -2 -1 -1 
-1 -1 -1 -1 -1 -1 -1 -1 -2 -2 -1 0 0 1 1 1 1 0 0 -1 -2 -2 -1 -1 -1 -1 0 1 1 1 1 2 2 3 3 3 3 2 3 3 3 3 4 4 3 4 3 4 4 3 3 5 5 4 5 4 5 4 4 4 6 6 5 5 4 3 3 3 3 3 3 3 2 3 2 2 1 1 0 -1 -1 -1 -1 -1 -1 -1 -2 -1 -1 -2 -2 -1 -2 -1 -1 -1 -1 -1 -1 -1 
-1 -1 -1 -1 -1 -2 -1 -2 -1 -2 -2 -2 0 1 1 1 1 1 0 -1 -1 -1 -2 -1 -2 -1 0 1 1 2 2 2 3 3 3 4 4 3 4 4 3 4 4 4 4 3 3 3 3 3 4 5 6 5 5 5 4 4 4 5 5 5 5 4 4 4 4 3 4 3 3 3 3 3 2 1 2 1 0 0 -1 -1 -1 -1 -1 -1 -1 -1 -2 -2 -1 -2 -2 -2 -1 -1 -1 -2 -1 -1 
-1 -1 -1 -1 -1 -1 -2 -2 -2 -2 -1 -1 0 1 1 1 1 1 0 -1 -1 0 0 0 -2 -1 0 1 1 2 1 2 2 3 3 3 4 4 4 4 4 4 5 4 4 3 3 2 2 2 3 4 3 4 3 3 3 3 3 3 4 4 4 3 4 4 4 3 3 3 3 3 3 2 2 2 2 1 1 0 -1 -1 -1 -1 -1 -1 -1 -1 -2 -2 -1 -1 -1 -1 -2 -1 -1 -2 -2 -1 
-1 -1 -2 -2 -1 -1 -1 -1 -1 -1 -1 -1 0 1 2 1 0 0 0 0 -2 0 1 0 0 0 0 1 1 1 2 1 2 2 3 2 4 3 3 3 4 4 4 4 4 3 1 1 1 1 1 1 2 2 2 1 1 2 1 1 3 5 5 4 5 4 4 4 4 4 4 3 3 2 2 1 2 1 1 0 -1 -2 -2 -2 -2 -2 -2 -2 -1 -2 -1 -1 -1 -2 -2 -1 -1 -1 -1 -1 
-1 -2 -2 -1 -1 -1 -1 -1 -1 -2 -2 -1 0 1 1 1 0 -1 -1 0 -2 0 1 1 1 1 1 1 1 1 2 1 1 2 3 3 3 3 3 3 4 4 4 4 3 2 1 1 1 1 2 2 2 3 2 2 2 2 2 1 3 3 4 5 5 5 4 4 5 4 4 4 3 2 2 2 2 1 1 0 0 -1 -1 -2 -2 -2 -2 -1 -1 -1 -1 -1 -1 -1 -2 -1 -1 -1 -1 -1 
-1 -2 -1 -2 -1 -1 -1 -1 -1 -1 -1 -2 0 1 1 1 0 0 0 0 0 0 1 1 1 2 1 1 1 2 1 1 1 2 3 3 3 3 4 4 4 4 4 5 3 2 1 1 1 2 2 2 2 2 2 2 2 2 1 1 1 1 3 4 5 4 5 5 5 5 4 4 2 2 3 2 1 1 1 1 0 0 0 -2 -2 -2 -1 -1 -1 -1 -1 -1 -1 -2 -1 -1 -1 -1 -1 -1 
-1 -1 -2 -2 -2 -2 -2 -1 -1 -2 -2 -1 0 1 1 1 1 1 1 1 1 1 1 1 1 1 2 2 2 2 3 2 2 2 2 3 4 4 3 3 3 4 5 6 4 2 2 2 1 1 1 1 1 2 2 3 2 2 1 2 2 2 3 5 5 5 5 5 4 4 3 2 2 2 2 2 2 2 1 1 1 1 0 -1 -1 -1 -1 -2 -1 -2 -1 -1 -2 -1 -2 -1 -2 -1 -2 -1 
-1 -1 -2 -2 -1 -1 -1 -1 -1 -2 -2 -2 0 1 1 1 1 1 1 1 1 2 2 1 2 2 2 3 3 3 3 3 3 3 3 3 3 3 4 4 3 5 6 5 4 4 2 1 1 1 2 2 1 1 2 2 2 3 3 3 4 4 4 5 5 6 5 4 3 3 2 2 3 2 3 2 2 1 1 1 1 1 0 0 -1 -2 -2 -2 -2 -1 -1 -1 -1 -1 -1 -1 -1 -2 -1 -1 
-1 -2 -1 -1 -1 -1 -1 -2 -1 -1 -1 -1 0 1 1 1 1 1 2 1 1 2 2 2 2 3 2 3 3 2 3 3 3 3 3 3 4 3 4 5 5 5 5 5 5 3 2 2 1 1 2 2 2 2 2 3 3 2 4 3 4 3 3 3 3 3 3 3 3 3 2 3 3 3 3 1 1 2 1 2 2 1 1 0 0 -2 -2 -1 -1 -1 -1 -1 -1 -2 -1 -1 -2 -1 -1 -1 
-1 -1 -1 -2 -1 -1 -1 -1 -2 -1 -1 -1 0 0 1 1 1 2 1 1 1 1 1 2 2 2 3 2 2 2 1 2 2 2 3 3 4 4 4 5 6 6 6 6 5 3 2 2 1 1 1 2 3 4 3 3 3 3 3 3 2 2 1 1 1 1 1 2 3 3 3 2 3 3 2 1 1 2 2 2 2 1 1 1 0 -1 -1 -2 -2 -1 -1 -1 -1 -1 -1 -1 -1 -2 -1 -1 
-1 -1 -1 -1 -1 -1 -1 -1 -1 -1 -2 -2 -2 0 1 1 1 1 1 1 1 1 2 2 3 3 2 2 2 1 1 2 1 1 2 3 4 4 4 4 5 5 6 6 5 3 2 1 2 1 1 1 1 2 2 2 2 2 2 3 3 2 2 2 3 4 3 4 5 4 4 3 2 2 2 2 1 2 2 3 2 1 1 1 0 0 -2 -1 -1 -1 -1 -1 -1 -1 -1 -1 -1 -1 -1 -1 
-1 -2 -1 -2 -2 -1 -2 -1 -1 -2 -2 -1 -1 0 0 1 1 2 2 1 2 2 2 2 3 2 2 2 2 1 2 1 1 1 2 2 4 3 3 4 5 5 5 6 6 4 1 1 1 1 1 1 1 1 1 1 1 2 2 2 3 3 4 5 5 5 6 5 6 6 4 3 2 2 1 1 2 3 3 3 2 1 1 1 1 0 0 -2 -1 -1 -1 -1 -1 -1 -1 -1 -1 -1 -2 -1 
-1 -2 -1 -1 -2 -2 -1 -1 -2 -1 -1 -1 -1 -2 0 1 2 2 2 1 2 2 2 2 1 2 2 2 2 2 2 2 1 2 2 3 3 3 4 4 5 5 4 5 5 4 1 2 2 2 1 1 1 1 1 1 2 2 3 4 3 4 3 4 4 5 5 4 5 4 3 3 2 1 2 2 2 3 3 3 2 1 1 1 1 1 0 -2 -1 -1 -1 -1 -1 -1 -2 -1 -1 -2 -2 -1 
-1 -2 -1 -1 -1 -1 -1 -2 -1 -2 -1 -1 -1 -1 0 1 1 1 1 2 2 2 2 2 2 2 3 3 2 1 3 2 3 2 2 2 2 2 3 4 4 3 4 4 4 3 2 2 3 3 1 1 1 1 1 2 2 3 3 3 3 3 3 3 3 3 3 3 3 3 3 3 2 1 2 3 3 3 2 3 2 1 1 1 1 1 0 0 -1 -1 -1 -1 -1 -2 -1 -1 -1 -1 -1 -1 
-1 -1 -1 -1 -1 -1 -1 -1 -1 -1 -2 -1 -1 -1 0 0 1 1 2 2 3 3 3 3 3 3 3 3 3 3 2 3 3 3 2 2 3 2 3 2 2 3 4 4 5 3 2 3 2 3 2 2 1 1 1 2 3 3 2 2 2 2 2 3 3 3 2 3 3 3 4 4 3 2 2 3 2 2 2 2 2 1 1 1 1 1 1 0 0 -1 -1 -1 -2 -1 -1 -1 -2 -1 -1 -1 
-1 -1 -2 -1 -1 -1 -1 -1 -1 -1 -1 -1 -1 -1 -2 0 1 1 2 3 2 4 4 3 3 4 4 4 5 4 3 3 3 3 3 3 3 3 4 4 4 5 4 4 4 3 2 3 3 3 3 2 1 1 1 1 1 1 1 1 1 1 1 1 2 2 2 2 3 3 4 4 4 2 1 1 2 1 1 1 2 1 1 1 1 1 1 1 0 0 -1 -2 -2 -2 -1 -1 -2 -1 -1 -1 
-1 -1 -1 -1 -1 -1 -1 -2 -1 -1 -2 -1 -1 -1 -1 0 1 2 2 2 3 3 3 3 4 4 5 5 5 5 5 4 4 4 4 4 4 4 5 6 6 5 4 4 4 4 3 3 4 3 2 2 1 1 1 1 1 2 2 1 2 2 3 3 3 4 4 3 3 4 3 3 3 3 2 1 2 2 2 1 1 1 1 1 1 1 1 1 1 0 0 -1 -2 -1 -1 -2 -1 -2 -1 -1 
-1 -1 -1 -1 -1 -1 -1 -2 -1 -1 -2 -1 -2 -1 -1 0 1 1 1 2 2 2 3 3 4 5 5 5 5 5 5 5 5 5 4 5 5 5 6 5 5 5 5 4 5 4 4 3 4 3 2 1 1 1 2 1 1 2 2 2 2 3 4 4 3 4 4 4 4 4 3 3 3 4 3 2 2 1 2 2 2 2 2 2 2 1 1 1 1 1 0 0 -1 -2 -2 -1 -1 -1 -1 -1 
-1 -1 -1 -1 -1 -1 -1 -1 -2 -1 -1 -1 -1 -1 -1 0 0 0 1 1 1 2 1 3 4 3 4 4 5 5 6 6 6 5 5 5 6 6 5 5 5 5 5 5 5 5 4 4 3 2 2 1 1 1 1 2 1 2 2 2 2 3 2 3 2 3 2 3 3 4 3 3 3 3 3 2 2 2 2 2 2 2 2 3 2 1 0 0 0 0 0 0 -1 -2 -2 -2 -1 -1 -1 -1 
-1 -2 -1 -1 -2 -1 -1 -1 -1 -1 -1 -2 -1 -1 -1 -1 -1 0 0 0 1 1 1 2 2 2 3 4 4 5 6 6 6 6 6 6 6 7 7 6 5 5 6 6 6 5 3 3 3 2 2 1 1 1 1 1 2 1 1 1 1 1 1 1 1 1 1 1 1 2 2 3 3 3 2 2 3 2 2 2 2 1 2 2 1 1 0 -1 -1 0 -1 -1 -1 -1 -1 -1 -1 -1 -1 -1 
-1 -1 -1 -1 -2 -2 -1 -1 -1 -1 -1 -1 -1 -2 -1 -1 -1 -1 -1 0 0 1 1 2 2 1 3 2 3 4 5 5 6 7 6 6 7 8 9 7 6 5 6 6 6 5 4 3 2 2 2 2 1 1 1 1 2 1 1 1 2 2 1 1 2 2 2 2 1 3 2 3 3 3 3 3 2 1 2 3 2 2 1 1 1 1 0 -1 -2 -1 -1 -1 -2 -1 -1 -2 -1 -1 -1 -1 
-1 -2 -1 -1 -1 -2 -1 -1 -1 -1 -1 -2 -2 -2 -1 -2 -1 -1 -1 -2 0 1 1 1 1 1 1 1 2 3 4 4 6 5 6 5 7 7 7 8 6 6 6 6 6 5 4 3 2 2 2 1 1 1 2 1 1 1 1 2 2 2 2 2 2 3 3 3 2 2 2 2 3 3 3 3 2 2 3 3 3 2 1 1 1 0 0 -2 -2 -2 -2 -2 -1 -1 -2 -2 -2 -1 -1 -1 
-1 -1 -1 -1 -1 -2 -1 -2 -1 -1 -1 -2 -1 -1 -2 -2 -1 -1 -2 -2 0 0 0 1 1 2 1 2 2 3 3 4 4 5 5 5 5 5 6 7 7 7 6 7 6 7 5 3 2 2 2 1 1 2 2 2 1 1 1 1 2 1 2 1 3 3 3 3 3 4 4 4 4 4 4 3 3 3 2 3 3 3 2 1 1 0 -1 -1 -1 -1 -1 0 -2 -1 -2 -1 -1 -2 -1 -1 
-1 -1 -1 -1 -2 -1 -1 -1 -2 -1 -1 -2 -1 -1 -1 -1 -1 -2 -1 -1 -2 -2 0 1 2 1 1 2 2 2 3 3 3 3 3 3 3 4 4 5 7 6 6 5 5 6 5 4 2 2 2 2 2 2 2 1 1 1 1 1 1 1 2 2 3 3 4 4 4 5 5 6 6 5 5 3 1 2 3 2 3 3 2 2 1 0 0 -1 -1 -1 -1 0 -1 -1 -2 -2 -1 -2 -1 -1 
-1 -1 -1 -2 -1 -2 -1 -2 -2 -1 -1 -1 -1 -1 -1 -1 -1 -1 -2 -1 -1 0 0 1 2 2 2 2 3 2 3 2 2 2 1 1 1 3 3 5 5 5 5 5 4 4 4 2 2 2 2 2 1 1 2 1 1 1 1 1 2 2 3 3 3 3 3 3 3 3 4 3 3 4 4 4 2 2 2 2 3 2 1 1 1 1 0 -1 -1 -1 -1 0 -1 -1 -2 -1 -1 -1 -1 -1 
-1 -1 -1 -1 -2 -1 -1 -1 -1 -1 0 0 0 -1 -1 -1 -1 -2 -3 -2 -1 0 1 1 1 2 2 2 2 2 2 2 2 2 2 3 3 3 3 4 5 5 5 4 5 6 5 5 3 2 1 1 1 1 2 2 1 1 1 1 1 1 2 2 2 2 3 2 3 3 3 2 2 2 3 2 2 1 2 3 2 2 1 1 1 1 0 0 -2 -1 -2 -1 -2 -1 -2 -2 -1 -2 -2 -1 
-1 -2 -1 -1 -1 -1 -1 -1 -1 -1 0 1 0 0 -1 -1 -1 -2 -1 -2 0 0 1 1 1 2 2 3 2 3 2 2 2 3 3 3 4 3 3 3 3 4 5 5 6 6 5 5 4 2 2 2 1 2 2 1 1 1 2 2 1 1 2 2 3 3 3 4 4 4 3 4 3 3 2 1 1 1 1 1 2 1 1 1 1 1 1 0 -1 -1 -1 -1 -1 -1 -1 -1 -2 -1 -1 -1 
-1 -1 -1 -2 -1 -1 -1 -1 -2 0 0 1 1 0 0 0 -1 -1 -2 0 0 1 1 1 1 2 2 2 2 1 2 1 3 3 3 3 3 3 3 3 3 4 5 5 5 6 5 5 4 3 1 2 2 2 2 2 1 1 1 1 1 2 2 3 3 3 4 4 5 5 5 5 5 4 3 2 1 1 1 2 2 2 1 1 1 1 0 0 -1 -1 -1 -2 -2 -1 -1 -1 -2 -1 -1 -1 
-1 -1 -2 -1 -1 -2 -2 -2 0 0 1 1 1 1 1 0 0 -2 0 0 1 1 1 1 2 2 2 2 2 2 2 2 3 3 4 3 3 3 3 3 3 4 5 5 5 5 4 5 5 3 2 1 2 2 2 1 1 1 1 2 1 1 2 3 3 4 3 4 4 4 4 4 5 5 4 3 1 2 2 1 1 1 1 1 1 0 0 -1 -1 -1 -1 -2 -1 -2 -2 -1 -2 -1 -1 -1 
-1 -1 -1 -1 -1 -1 -1 -1 0 0 1 1 1 1 1 1 0 0 0 1 2 1 1 2 1 2 2 3 2 2 2 2 2 3 3 4 4 3 3 4 3 4 5 5 6 5 5 5 4 3 3 3 2 2 2 1 2 1 2 1 1 1 1 2 3 3 3 3 2 3 4 4 5 6 5 4 2 2 1 1 1 2 1 1 1 0 -1 -1 -1 -1 -1 -1 -2 -2 -2 -2 -2 -2 -1 -1 
-1 -1 -1 -1 -1 -1 -2 -1 -1 0 1 1 2 1 1 1 1 1 1 2 1 1 1 1 2 1 2 2 1 2 2 1 1 1 3 3 4 3 3 3 4 4 4 5 5 4 3 4 4 3 3 3 2 2 2 2 2 1 2 1 2 1 2 2 3 3 2 3 3 3 4 4 5 5 5 4 1 2 1 1 1 2 2 1 1 0 0 -1 -1 -1 -1 -1 -2 -1 -1 -2 -2 -1 -1 -1 
-1 -1 -1 -1 -2 -1 -1 -1 -1 0 0 1 2 2 1 1 2 2 1 1 2 1 1 2 1 2 1 1 2 2 1 2 2 3 2 3 3 3 3 4 4 4 3 4 3 4 3 3 4 5 4 3 2 2 1 1 1 2 1 2 1 1 1 1 2 2 2 2 2 3 3 4 4 5 4 3 2 1 2 1 1 2 2 2 1 1 0 -1 -2 -1 -1 -1 -1 -2 -1 -1 -1 -1 -2 -1 
-1 -1 -1 -1 -1 -1 -2 -1 -1 -1 0 1 2 1 1 1 2 2 1 2 2 1 2 2 2 1 2 1 1 1 1 1 2 3 2 2 3 3 3 3 3 3 2 2 2 2 3 3 4 4 4 3 3 2 1 2 1 2 1 1 1 1 2 3 3 2 2 3 3 3 4 4 4 5 4 3 1 2 2 1 1 1 2 2 1 1 0 -2 -1 -1 -1 -1 -1 -1 -1 -1 -1 -1 -2 -1 
-1 -1 -2 -2 -1 -2 -1 -2 -1 -1 0 1 2 1 1 1 1 1 1 2 3 3 3 3 3 2 2 3 3 3 2 3 3 3 3 2 2 3 3 3 4 4 4 3 4 4 4 5 4 5 5 4 3 1 2 1 2 2 2 1 1 1 2 3 3 3 3 3 3 3 4 4 3 4 5 4 2 2 2 1 2 1 1 1 2 1 0 0 -2 -2 -1 -1 -1 -1 -1 -1 -1 -2 -1 -1 
-1 -2 -1 -2 -1 -1 -1 -2 -1 -1 0 1 2 3 2 2 2 2 3 2 3 3 3 3 3 3 4 4 3 3 4 4 4 3 3 3 2 3 3 3 3 4 4 5 6 6 5 5 6 5 5 5 3 2 2 3 2 2 3 1 1 1 2 2 3 2 2 2 2 2 3 3 3 4 5 4 2 2 2 2 1 2 2 2 2 1 0 -1 -1 -1 -2 -1 -1 -1 -2 -1 -1 -2 -1 -1 
-1 -1 -1 -2 -2 -1 -1 -1 -1 -1 0 1 1 1 2 3 2 3 3 4 4 4 4 5 5 5 5 5 4 5 5 4 3 4 4 3 4 3 2 3 3 3 3 3 3 5 4 4 4 3 4 3 3 3 2 2 2 2 2 2 1 2 1 1 1 1 1 1 1 2 2 2 3 4 5 4 3 3 1 1 1 2 1 1 1 1 0 0 -1 -1 -1 -1 -1 -1 -1 -1 -2 -1 -1 -1 
-1 -2 -2 -1 -1 -2 -1 -1 -1 -1 0 0 1 1 1 2 3 3 3 4 5 5 5 5 6 7 7 6 6 6 6 5 4 5 5 5 5 3 1 2 2 2 2 3 3 3 2 1 2 1 2 1 1 2 3 2 2 2 2 2 3 2 1 0 0 0 0 0 1 1 2 2 3 4 4 4 3 2 2 1 2 1 1 0 0 0 0 0 -1 -1 -1 -1 -1 -1 -1 -2 -1 -2 -1 -1 
-1 -1 -1 -1 -2 -1 -1 -2 -1 -1 -1 0 0 2 2 2 2 3 3 4 4 4 4 4 5 5 6 6 6 6 6 6 5 5 6 6 6 4 1 2 2 1 1 2 2 3 3 3 2 3 3 3 2 2 3 2 1 2 2 2 2 2 1 0 -2 -2 -1 0 1 1 3 3 3 3 4 3 2 3 1 1 1 1 1 0 -2 0 0 -1 -1 -1 -1 -1 -1 -1 -1 -2 -1 -1 -1 -1 
-1 -1 -2 -2 -2 -1 -1 -1 -2 -1 -1 -1 0 1 1 2 2 2 3 3 4 4 3 3 3 4 4 5 5 5 5 5 6 6 5 5 5 3 3 1 1 1 2 3 3 3 3 3 4 4 4 4 3 3 3 2 1 2 2 2 2 2 1 0 0 -2 -1 0 1 2 2 2 3 3 3 2 2 2 2 1 1 1 1 0 0 -1 -1 -2 -2 -1 -1 -1 -2 -1 -1 -1 -1 -1 -1 -1 
-1 -1 -1 -1 -1 -2 -2 -2 -1 -1 -2 -1 0 1 1 1 1 1 1 2 2 2 3 2 3 3 3 3 3 3 3 3 5 5 5 5 4 4 2 2 1 2 2 2 2 3 3 2 3 3 3 3 3 3 2 3 1 1 1 2 2 1 1 1 0 0 -2 0 1 2 1 2 2 3 3 3 2 2 1 1 1 1 1 1 0 -1 -2 -1 -2 -1 -1 -1 -1 -2 -1 -1 -1 -1 -2 -1 
-1 -1 -2 -1 -1 -2 -2 -2 -1 -1 -1 -1 0 0 0 0 1 1 1 1 1 1 1 1 1 1 1 1 1 2 2 3 3 4 4 4 5 4 3 2 1 1 1 2 2 3 2 2 1 1 1 2 2 1 1 2 1 1 2 2 2 2 1 1 1 0 0 0 1 2 1 2 2 3 4 3 2 1 1 1 2 1 1 1 0 -1 -1 -1 -1 -1 -1 -1 -1 -2 -2 -1 -1 -1 -2 -1 
-1 -2 -1 -1 -2 -1 -2 -1 -1 -1 -1 -1 -1 -2 -1 0 0 0 0 0 0 0 0 0 0 0 0 0 1 1 1 2 3 2 3 4 4 4 3 1 2 1 1 2 2 2 2 2 2 2 3 2 3 2 2 2 2 2 2 2 2 2 2 1 1 1 1 1 1 1 2 2 1 2 3 2 2 1 1 1 1 1 1 1 0 -1 -1 -1 -1 -1 -1 -1 -1 -1 -1 -1 -1 -1 -1 -1 
-1 -2 -1 -1 -1 -1 -2 -1 -1 -1 -1 -1 -1 -1 -1 -1 -1 -1 -1 -2 -2 0 0 -1 -2 0 -1 0 1 1 1 2 2 3 3 3 4 4 2 1 1 1 1 1 1 1 1 2 2 2 3 3 3 2 2 2 2 2 3 2 2 3 3 2 1 2 1 1 1 2 2 2 2 2 2 3 2 2 1 1 1 1 1 1 0 0 -2 -1 -1 -1 -2 -2 -1 -1 -2 -1 -1 -1 -1 -1 
-1 -1 -2 -2 -1 -2 -2 -1 -2 -2 -2 -1 -1 -1 -1 -1 -2 -2 -2 -1 -1 -1 -1 -1 -1 -1 -2 0 1 2 2 1 2 2 4 3 3 3 3 2 2 1 1 1 1 1 2 2 2 3 3 2 2 3 3 2 3 3 3 3 4 4 4 2 2 2 1 1 2 2 1 2 2 2 2 2 2 2 2 2 1 1 1 1 0 -2 -1 -2 -1 -1 -1 -1 -2 -2 -2 -1 -1 -1 -1 -1 
-1 -2 -2 -1 -1 -1 -2 -1 -1 -1 -1 -1 -1 -1 -2 -2 -2 -1 -1 -1 -2 -1 -1 -1 -1 -1 -1 0 1 2 2 2 2 3 2 2 2 2 3 3 2 2 1 1 1 2 1 1 1 1 2 2 2 2 2 2 2 3 4 4 6 6 5 4 3 1 1 1 1 1 1 1 1 1 1 1 2 2 2 2 1 1 2 1 0 0 -1 -1 -2 -1 -2 -1 -1 -2 -1 -2 -2 -2 -1 -1 
-1 -2 -2 -1 -1 -2 -1 -1 -1 -1 -1 -1 -1 -2 -2 -2 -1 -1 -1 -1 -1 -1 -1 -2 -2 -2 -1 0 1 2 1 2 2 2 2 2 3 3 3 3 2 1 1 2 2 1 2 2 2 3 3 3 4 3 4 5 5 5 5 6 7 8 7 6 4 2 1 1 1 1 1 2 1 1 1 1 2 3 2 2 2 1 2 1 1 0 -2 -2 -2 -2 -1 -1 -1 -1 -1 -1 -1 -1 -2 -1 
-1 -1 -2 -1 -2 -1 -1 -1 -1 -2 -1 -1 -1 -2 -1 -1 -1 -1 -1 -1 -1 -1 -1 -1 -1 -1 -2 0 1 1 1 2 3 3 3 3 4 4 4 2 2 1 2 1 1 2 2 3 4 5 5 5 5 6 7 7 8 7 6 6 7 7 8 8 6 4 1 1 1 1 1 1 1 1 1 1 1 2 2 2 2 1 1 1 1 0 0 -1 -2 -1 -2 -2 -1 -1 -1 -1 -1 -1 -1 -1 
-1 -1 -1 -1 -1 -1 -1 -1 -2 -2 -1 -2 -1 -2 -2 -2 -1 -1 -2 -1 -1 -1 -1 -1 -1 -1 -1 0 1 2 1 2 2 3 3 3 3 3 4 4 2 2 1 1 1 2 2 2 2 3 3 4 3 4 4 4 5 7 6 6 7 7 8 8 9 5 2 1 1 2 1 2 2 2 2 2 1 1 1 1 1 1 0 0 0 0 0 -1 -1 -1 -1 -1 -1 -1 -2 -1 -1 -1 -1 -1 
-1 -1 -1 -1 -1 -1 -2 -1 -1 -1 -1 -1 -2 -1 -1 -2 -2 -1 -2 -2 -1 -1 -1 -1 -1 -1 0 0 1 1 2 1 1 2 2 2 2 3 4 3 2 1 1 1 1 1 1 1 1 1 1 2 1 1 1 1 4 4 4 4 4 5 4 5 6 5 3 1 2 2 2 2 2 2 2 2 2 2 2 1 1 1 0 -1 0 0 -1 -1 -1 -2 -1 -1 -1 -2 -2 -1 -2 -2 -1 -1 
-1 -1 -2 -1 -1 -2 -2 -2 -1 -1 -1 -1 -2 -2 -2 -1 -2 -1 -2 -2 -1 -1 -1 -1 -1 -1 0 1 1 2 1 2 2 2 2 3 2 3 1 1 1 1 1 1 1 1 1 1 1 1 2 2 1 2 2 2 1 1 1 1 1 2 2 2 3 3 2 2 2 1 1 2 2 1 2 2 2 2 1 2 1 1 0 0 -1 -1 -1 -2 -1 -1 -1 -1 -1 -2 -2 -1 -1 -1 -1 -1 
-1 -1 -1 -1 -2 -1 -1 -2 -2 -1 -1 -1 -1 -1 -1 -1 -1 -2 -2 -2 -2 -1 -2 -1 -1 0 0 1 1 1 1 2 2 2 2 2 2 1 1 1 1 1 1 2 1 1 1 1 1 1 1 1 1 1 1 2 1 1 1 2 1 1 3 2 3 3 3 2 1 1 1 1 1 1 1 1 1 1 1 1 1 1 0 -1 -1 -1 -1 -1 -1 -1 -1 -1 -1 -1 -2 -1 -1 -1 -1 -1 
-1 -1 -1 -1 -1 -1 -1 -2 -1 -1 -1 -1 -1 -1 -1 -1 -2 -2 -2 -2 -1 -1 -2 -2 -1 0 1 1 1 1 2 3 2 2 2 2 2 2 2 1 1 1 2 1 1 1 1 1 1 1 1 1 1 2 1 1 1 1 2 1 2 2 3 3 3 3 3 2 1 2 1 1 2 2 2 2 1 1 2 1 1 1 0 0 -1 -1 -1 -1 -1 -1 -1 -1 -1 -1 -1 -2 -1 -1 -1 -1 
-1 -2 -1 -1 -1 -1 -1 -1 -1 -2 -1 -1 -1 -2 -2 -2 -1 -2 -1 -1 -1 -2 -1 -1 -1 0 1 1 2 2 2 3 3 2 3 3 3 4 3 1 1 1 1 2 2 1 1 1 1 1 1 1 1 1 1 1 1 1 1 1 1 2 2 1 2 2 1 1 1 1 1 1 1 1 1 2 1 1 1 1 1 1 0 0 -1 -1 -2 -1 -2 -2 -1 -1 -1 -1 -1 -1 -2 -1 -1 -1 
-1 -1 -2 -1 -1 -2 -1 -2 -1 -1 -2 -2 -2 -2 -2 -2 -1 -1 -2 -2 -2 -1 -1 -1 -2 0 1 1 2 2 2 1 2 2 2 3 4 3 4 2 1 1 1 1 2 1 1 0 0 0 0 0 0 1 1 1 1 1 1 1 1 1 1 2 1 2 2 1 1 1 0 0 0 0 0 1 1 1 0 0 0 0 0 -1 -1 -1 -2 -1 -1 -1 -2 -1 -1 -1 -2 -2 -2 -2 -1 -1 
-1 -1 -1 -2 -2 -1 -1 -1 -1 -1 -1 -2 -1 -2 -2 -1 -2 -2 -2 -2 -2 -1 -2 -1 -1 0 0 1 1 1 1 1 1 1 1 2 2 2 2 3 2 2 1 1 1 1 0 0 -1 -2 -1 -2 0 0 0 0 0 0 0 0 0 0 1 1 1 1 1 1 1 1 0 -1 -1 -1 0 0 0 1 0 -1 0 0 -1 -2 -2 -1 -1 -1 -1 -2 -1 -1 -1 -1 -2 -1 -2 -1 -1 -1 
-1 -1 -2 -1 -2 -2 -2 -1 -1 -1 -1 -1 -1 -2 -1 -2 -2 -2 -2 -1 -2 -1 -2 -1 -1 -2 0 0 0 0 0 0 0 1 2 1 2 3 3 4 2 1 1 1 1 0 0 -1 -1 -2 -1 -2 -2 -1 -1 -2 -1 -2 -1 0 -1 0 0 0 0 0 0 0 0 0 0 -1 -1 -1 -1 -1 0 0 0 -1 -1 -1 -1 -2 -1 -2 -2 -1 -2 -2 -1 -2 -1 -1 -2 -2 -1 -1 -1 -1 
-1 -2 -2 -1 -1 -2 -1 -1 -1 -1 -1 -1 -1 -1 -2 -1 -1 -1 -1 -1 -1 -2 -1 -1 -2 -2 -2 -1 -1 -1 -1 -1 0 1 1 1 2 2 3 2 2 1 0 0 0 0 -2 -2 -1 -1 -1 -1 -1 -2 -2 -2 -2 -2 -2 -2 -1 -1 0 -1 -1 -1 -1 0 -1 -2 -2 -1 -2 -1 -1 -2 -1 -1 -1 -1 -1 -1 -1 -1 -1 -2 -1 -1 -1 -1 -1 -1 -1 -1 -1 -2 -1 -1 -1 -1 
-1 -1 -2 -1 -1 -1 -1 -1 -1 -1 -1 -1 -1 -1 -1 -1 -2 -2 -1 -2 -2 -1 -1 -2 -1 -1 -2 -1 -1 -2 -1 -1 0 0 0 1 1 1 1 1 1 1 0 -2 -2 -2 -2 -2 -2 -1 -1 -2 -1 -1 -1 -1 -1 -1 -2 -2 -1 -1 -1 -1 -1 -1 -2 -1 -1 -1 -2 -2 -1 -2 -1 -1 -2 -1 -1 -1 -1 -2 -2 -1 -2 -1 -1 -1 -1 -1 -1 -1 -1 -1 -1 -1 -2 -1 -1 -1 
-1 -1 -1 -1 -2 -1 -1 -1 -1 -1 -2 -2 -1 -2 -1 -1 -2 -1 -1 -1 -1 -2 -1 -1 -2 -1 -2 -1 -1 -1 -1 -1 -1 -1 0 0 0 0 0 0 0 0 0 -2 -2 -2 -1 -2 -1 -2 -2 -1 -1 -1 -1 -1 -1 -1 -2 -2 -1 -2 -1 -2 -1 -1 -2 -2 -1 -2 -1 -1 -1 -1 -2 -1 -1 -1 -2 -1 -1 -1 -1 -1 -2 -1 -1 -2 -1 -1 -1 -1 -1 -2 -1 -2 -1 -1 -1 -1 
-1 -1 -1 -1 -2 -2 -2 -1 -1 -1 -2 -2 -1 -2 -2 -1 -1 -1 -1 -2 -2 -1 -2 -1 -1 -1 -1 -1 -1 -1 -1 -2 -2 -2 -2 -2 -1 -1 -1 -1 0 -1 -2 -1 -1 -1 -1 -1 -1 -1 -1 -1 -2 -2 -1 -1 -2 -1 -1 -1 -1 -1 -2 -2 -1 -1 -1 -2 -1 -2 -1 -1 -1 -1 -1 -1 -2 -2 -1 -1 -1 -2 -2 -2 -1 -2 -1 -1 -2 -1 -2 -1 -1 -1 -2 -1 -1 -1 -1 -1 
-1 -1 -1 -1 -1 -2 -1 -1 -1 -1 -1 -1 -2 -1 -1 -1 -1 -1 -1 -1 -1 -1 -1 -1 -1 -1 -1 -2 -1 -1 -1 -1 -1 -2 -1 -1 -2 -1 -2 -1 -1 -1 -1 -2 -1 -1 -1 -1 -2 -2 -1 -1 -1 -1 -2 -2 -1 -2 -1 -1 -1 -2 -2 -1 -1 -2 -1 -1 -2 -1 -1 -1 -2 -1 -1 -2 -1 -1 -1 -1 -2 -2 -2 -2 -1 -1 -1 -1 -1 -1 -2 -1 -1 -1 -1 -1 -1 -1 -1 -1 
-1 -1 -1 -1 -1 -1 -1 -1 -1 -1 -1 -1 -1 -1 -1 -1 -1 -1 -1 -1 -1 -1 -1 -1 -1 -1 -1 -1 -1 -1 -1 -1 -1 -1 -1 -1 -1 -1 -1 -1 -1 -1 -1 -1 -1 -1 -1 -1 -1 -1 -1 -1 -1 -1 -1 -1 -1 -1 -1 -1 -1 -1 -1 -1 -1 -1 -1 -1 -1 -1 -1 -1 -1 -1 -1 -1 -1 -1 -1 -1 -1 -1 -1 -1 -1 -1 -1 -1 -1 -1 -1 -1 -1 -1 -1 -1 -1 -1 -1 -1 
-1 -1 -1 -1 -1 -1 -1 -1 -1 -1 -1 -1 -1 -1 -1 -1 -1 -1 -1 -1 -1 -1 -1 -1 -1 -1 -1 -1 -1 -1 -1 -1 -1 -1 -1 -1 -1 -1 -1 -1 -1 -1 -1 -1 -1 -1 -1 -1 -1 -1 -1 -1 -1 -1 -1 -1 -1 -1 -1 -1 -1 -1 -1 -1 -1 -1 -1 -1 -1 -1 -1 -1 -1 -1 -1 -1 -1 -1 -1 -1 -1 -1 -1 -1 -1 -1 -1 -1 -1 -1 -1 -1 -1 -1 -1 -1 -1 -1 -1 -1 
-1 -1 -1 -1 -1 -1 -1 -1 -1 -1 -1 -1 -1 -1 -1 -1 -1 -1 -1 -1 -1 -1 -1 -1 -1 -1 -1 -1 -1 -1 -1 -1 -1 -1 -1 -1 -1 -1 -1 -1 -1 -1 -1 -1 -1 -1 -1 -1 -1 -1 -1 -1 -1 -1 -1 -1 -1 -1 -1 -1 -1 -1 -1 -1 -1 -1 -1 -1 -1 -1 -1 -1 -1 -1 -1 -1 -1 -1 -1 -1 -1 -1 -1 -1 -1 -1 -1 -1 -1 -1 -1 -1 -1 -1 -1 -1 -1 -1 -1 -1 
-1 -1 -1 -1 -1 -1 -1 -1 -1 -1 -1 -1 -1 -1 -1 -1 -1 -1 -1 -1 -1 -1 -1 -1 -1 -1 -1 -1 -1 -1 -1 -1 -1 -1 -1 -1 -1 -1 -1 -1 -1 -1 -1 -1 -1 -1 -1 -1 -1 -1 -1 -1 -1 -1 -1 -1 -1 -1 -1 -1 -1 -1 -1 -1 -1 -1 -1 -1 -1 -1 -1 -1 -1 -1 -1 -1 -1 -1 -1 -1 -1 -1 -1 -1 -1 -1 -1 -1 -1 -1 -1 -1 -1 -1 -1 -1 -1 -1 -1 -1 
-1 -1 -1 -1 -1 -1 -1 -1 -1 -1 -1 -1 -1 -1 -1 -1 -1 -1 -1 -1 -1 -1 -1 -1 -1 -1 -1 -1 -1 -1 -1 -1 -1 -1 -1 -1 -1 -1 -1 -1 -1 -1 -1 -1 -1 -1 -1 -1 -1 -1 -1 -1 -1 -1 -1 -1 -1 -1 -1 -1 -1 -1 -1 -1 -1 -1 -1 -1 -1 -1 -1 -1 -1 -1 -1 -1 -1 -1 -1 -1 -1 -1 -1 -1 -1 -1 -1 -1 -1 -1 -1 -1 -1 -1 -1 -1 -1 -1 -1 -1 
-1 -1 -1 -1 -1 -1 -1 -1 -1 -1 -1 -1 -1 -1 -1 -1 -1 -1 -1 -1 -1 -1 -1 -1 -1 -1 -1 -1 -1 -1 -1 -1 -1 -1 -1 -1 -1 -1 -1 -1 -1 -1 -1 -1 -1 -1 -1 -1 -1 -1 -1 -1 -1 -1 -1 -1 -1 -1 -1 -1 -1 -1 -1 -1 -1 -1 -1 -1 -1 -1 -1 -1 -1 -1 -1 -1 -1 -1 -1 -1 -1 -1 -1 -1 -1 -1 -1 -1 -1 -1 -1 -1 -1 -1 -1 -1 -1 -1 -1 -1 
-1 -1 -1 -1 -1 -1 -1 -1 -1 -1 -1 -1 -1 -1 -1 -1 -1 -1 -1 -1 -1 -1 -1 -1 -1 -1 -1 -1 -1 -1 -1 -1 -1 -1 -1 -1 -1 -1 -1 -1 -1 -1 -1 -1 -1 -1 -1 -1 -1 -1 -1 -1 -1 -1 -1 -1 -1 -1 -1 -1 -1 -1 -1 -1 -1 -1 -1 -1 -1 -1 -1 -1 -1 -1 -1 -1 -1 -1 -1 -1 -1 -1 -1 -1 -1 -1 -1 -1 -1 -1 -1 -1 -1 -1 -1 -1 -1 -1 -1 -1 
-1 -1 -1 -1 -1 -1 -1 -1 -1 -1 -1 -1 -1 -1 -1 -1 -1 -1 -1 -1 -1 -1 -1 -1 -1 -1 -1 -1 -1 -1 -1 -1 -1 -1 -1 -1 -1 -1 -1 -1 -1 -1 -1 -1 -1 -1 -1 -1 -1 -1 -1 -1 -1 -1 -1 -1 -1 -1 -1 -1 -1 -1 -1 -1 -1 -1 -1 -1 -1 -1 -1 -1 -1 -1 -1 -1 -1 -1 -1 -1 -1 -1 -1 -1 -1 -1 -1 -1 -1 -1 -1 -1 -1 -1 -1 -1 -1 -1 -1 -1 
-1 -1 -1 -1 -1 -1 -1 -1 -1 -1 -1 -1 -1 -1 -1 -1 -1 -1 -1 -1 -1 -1 -1 -1 -1 -1 -1 -1 -1 -1 -1 -1 -1 -1 -1 -1 -1 -1 -1 -1 -1 -1 -1 -1 -1 -1 -1 -1 -1 -1 -1 -1 -1 -1 -1 -1 -1 -1 -1 -1 -1 -1 -1 -1 -1 -1 -1 -1 -1 -1 -1 -1 -1 -1 -1 -1 -1 -1 -1 -1 -1 -1 -1 -1 -1 -1 -1 -1 -1 -1 -1 -1 -1 -1 -1 -1 -1 -1 -1 -1 
-1 -1 -1 -1 -1 -1 -1 -1 -1 -1 -1 -1 -1 -1 -1 -1 -1 -1 -1 -1 -1 -1 -1 -1 -1 -1 -1 -1 -1 -1 -1 -1 -1 -1 -1 -1 -1 -1 -1 -1 -1 -1 -1 -1 -1 -1 -1 -1 -1 -1 -1 -1 -1 -1 -1 -1 -1 -1 -1 -1 -1 -1 -1 -1 -1 -1 -1 -1 -1 -1 -1 -1 -1 -1 -1 -1 -1 -1 -1 -1 -1 -1 -1 -1 -1 -1 -1 -1 -1 -1 -1 -1 -1 -1 -1 -1 -1 -1 -1 -1 
-1 -1 -1 -1 -1 -1 -1 -1 -1 -1 -1 -1 -1 -1 -1 -1 -1 -1 -1 -1 -1 -1 -1 -1 -1 -1 -1 -1 -1 -1 -1 -1 -1 -1 -1 -1 -1 -1 -1 -1 -1 -1 -1 -1 -1 -1 -1 -1 -1 -1 -1 -1 -1 -1 -1 -1 -1 -1 -1 -1 -1 -1 -1 -1 -1 -1 -1 -1 -1 -1 -1 -1 -1 -1 -1 -1 -1 -1 -1 -1 -1 -1 -1 -1 -1 -1 -1 -1 -1 -1 -1 -1 -1 -1 -1 -1 -1 -1 -1 -1 
-1 -1 -1 -1 -1 -1 -1 -1 -1 -1 -1 -1 -1 -1 -1 -1 -1 -1 -1 -1 -1 -1 -1 -1 -1 -1 -1 -1 -1 -1 -1 -1 -1 -1 -1 -1 -1 -1 -1 -1 -1 -1 -1 -1 -1 -1 -1 -1 -1 -1 -1 -1 -1 -1 -1 -1 -1 -1 -1 -1 -1 -1 -1 -1 -1 -1 -1 -1 -1 -1 -1 -1 -1 -1 -1 -1 -1 -1 -1 -1 -1 -1 -1 -1 -1 -1 -1 -1 -1 -1 -1 -1 -1 -1 -1 -1 -1 -1 -1 -1 

-----------------------MAP_UP--Islands_Below--------------------------------

1
2
3
4
5
6
7
8
9
10
11
12
Landmass1  -  (43, 12)
Landmass2  -  (44, 12)
false - false - false
true -       - true
true - true - true
Landmass3  -  (45, 12)-- cur was: 3
Landmass4  -  (46, 12)-- cur was: 3
Landmass5  -  (47, 12)-- cur was: 3
Landmass6  -  (48, 13)-- cur was: 4
Landmass7  -  (49, 13)-- cur was: 3
Landmass8  -  (50, 14)-- cur was: 4
Landmass9  -  (51, 14)-- cur was: 3
Landmass10  -  (52, 15)-- cur was: 4
Landmass11  -  (53, 15)-- cur was: 3
Landmass12  -  (54, 15)-- cur was: 3
Landmass13  -  (55, 16)-- cur was: 4
Landmass14  -  (56, 17)-- cur was: 4
Landmass15  -  (57, 18)-- cur was: 2
Landmass16  -  (56, 19)-- cur was: 8
Landmass17  -  (55, 20)-- cur was: 6
Landmass18  -  (56, 21)-- cur was: 4
Landmass19  -  (57, 22)-- cur was: 2
Landmass20  -  (56, 23)-- cur was: 8
Landmass21  -  (55, 24)-- cur was: 6
Landmass22  -  (56, 25)-- cur was: 4
Landmass23  -  (57, 26)-- cur was: 2
Landmass24  -  (56, 27)-- cur was: 8
Landmass25  -  (55, 28)-- cur was: 6
Landmass26  -  (56, 29)-- cur was: 4
Landmass27  -  (57, 30)-- cur was: 2
Landmass28  -  (56, 31)-- cur was: 8
Landmass29  -  (55, 32)-- cur was: 6
Landmass30  -  (56, 33)-- cur was: 4
Landmass31  -  (57, 34)-- cur was: 2
Landmass32  -  (56, 35)-- cur was: 8
Landmass33  -  (55, 36)-- cur was: 6
Landmass34  -  (56, 37)-- cur was: 4
Landmass35  -  (57, 38)-- cur was: 2
Landmass36  -  (56, 39)-- cur was: 8
Landmass37  -  (55, 40)-- cur was: 6
Landmass38  -  (56, 41)-- cur was: 4
Landmass39  -  (57, 42)-- cur was: 2
Landmass40  -  (56, 43)-- cur was: 8
Landmass41  -  (55, 44)-- cur was: 6
Landmass42  -  (56, 45)-- cur was: 4
Landmass43  -  (57, 46)-- cur was: 2
Landmass44  -  (56, 47)-- cur was: 8
Landmass45  -  (55, 48)-- cur was: 6
Landmass46  -  (56, 49)-- cur was: 4
Landmass47  -  (57, 50)-- cur was: 2
Landmass48  -  (56, 51)-- cur was: 8
Landmass49  -  (55, 52)-- cur was: 6
Landmass50  -  (56, 53)-- cur was: 4
Landmass51  -  (57, 54)-- cur was: 2
Landmass52  -  (56, 55)-- cur was: 8
Landmass53  -  (55, 56)-- cur was: 6
Landmass54  -  (56, 57)-- cur was: 4
Landmass55  -  (57, 58)-- cur was: 2
Landmass56  -  (56, 59)-- cur was: 8
Landmass57  -  (55, 60)-- cur was: 6
Landmass58  -  (56, 61)-- cur was: 4
Landmass59  -  (57, 62)-- cur was: 2
Landmass60  -  (56, 63)-- cur was: 8
Landmass61  -  (55, 64)-- cur was: 6
Landmass62  -  (56, 65)-- cur was: 4
Landmass63  -  (57, 66)-- cur was: 2
Landmass64  -  (56, 67)-- cur was: 8
Landmass65  -  (55, 68)-- cur was: 6
Landmass66  -  (56, 69)-- cur was: 4
Landmass67  -  (57, 70)-- cur was: 2
Landmass68  -  (56, 71)-- cur was: 8
Landmass69  -  (55, 72)-- cur was: 6
Landmass70  -  (56, 73)-- cur was: 4
Landmass71  -  (57, 74)-- cur was: 2
Landmass72  -  (56, 75)-- cur was: 8
Landmass73  -  (55, 76)-- cur was: 6
Landmass74  -  (56, 77)-- cur was: 4
Landmass75  -  (57, 78)-- cur was: 2
Landmass76  -  (56, 79)-- cur was: 8
Landmass77  -  (55, 80)-- cur was: 6
Landmass78  -  (56, 81)-- cur was: 4
Landmass79  -  (57, 82)-- cur was: 2
Landmass80  -  (56, 83)-- cur was: 8
Landmass81  -  (56, 83)-- cur was: 8
Landmass82  -  (56, 83)-- cur was: 8
Landmass83  -  (56, 83)-- cur was: 8
Landmass84  -  (56, 83)-- cur was: 8
Landmass85  -  (56, 83)-- cur was: 8
Landmass86  -  (56, 83)-- cur was: 8
Landmass87  -  (56, 83)-- cur was: 8
Landmass88  -  (56, 83)-- cur was: 8
Landmass89  -  (56, 83)-- cur was: 8
Landmass90  -  (56, 83)-- cur was: 8
Landmass91  -  (56, 83)-- cur was: 8
Landmass92  -  (56, 83)-- cur was: 8
Landmass93  -  (56, 83)-- cur was: 8
Landmass94  -  (56, 83)-- cur was: 8
Landmass95  -  (56, 83)-- cur was: 8
Landmass96  -  (56, 83)-- cur was: 8
Landmass97  -  (56, 83)-- cur was: 8
Landmass98  -  (56, 83)-- cur was: 8
Landmass99  -  (56, 83)-- cur was: 8
Landmass100  -  (56, 83)-- cur was: 8
Landmass101  -  (56, 83)-- cur was: 8
Landmass102  -  (56, 83)-- cur was: 8
Landmass103  -  (56, 83)-- cur was: 8
Landmass104  -  (56, 83)-- cur was: 8
Landmass105  -  (56, 83)-- cur was: 8
Landmass106  -  (56, 83)-- cur was: 8
Landmass107  -  (56, 83)-- cur was: 8
Landmass108  -  (56, 83)-- cur was: 8
Landmass109  -  (56, 83)-- cur was: 8
Landmass110  -  (56, 83)-- cur was: 8
Landmass111  -  (56, 83)-- cur was: 8
Landmass112  -  (56, 83)-- cur was: 8
Landmass113  -  (56, 83)-- cur was: 8
Landmass114  -  (56, 83)-- cur was: 8
Landmass115  -  (56, 83)-- cur was: 8
Landmass116  -  (56, 83)-- cur was: 8
Landmass117  -  (56, 83)-- cur was: 8
Landmass118  -  (56, 83)-- cur was: 8
Landmass119  -  (56, 83)-- cur was: 8
Landmass120  -  (56, 83)-- cur was: 8
Landmass121  -  (56, 83)-- cur was: 8
Landmass122  -  (56, 83)-- cur was: 8
Landmass123  -  (56, 83)-- cur was: 8
Landmass124  -  (56, 83)-- cur was: 8
Landmass125  -  (56, 83)-- cur was: 8
Landmass126  -  (56, 83)-- cur was: 8
Landmass127  -  (56, 83)-- cur was: 8
Landmass128  -  (56, 83)-- cur was: 8
Landmass129  -  (56, 83)-- cur was: 8
Landmass130  -  (56, 83)-- cur was: 8
Landmass131  -  (56, 83)-- cur was: 8
Landmass132  -  (56, 83)-- cur was: 8
Landmass133  -  (56, 83)-- cur was: 8
Landmass134  -  (56, 83)-- cur was: 8
Landmass135  -  (56, 83)-- cur was: 8
Landmass136  -  (56, 83)-- cur was: 8
Landmass137  -  (56, 83)-- cur was: 8
Landmass138  -  (56, 83)-- cur was: 8
Landmass139  -  (56, 83)-- cur was: 8
Landmass140  -  (56, 83)-- cur was: 8
Landmass141  -  (56, 83)-- cur was: 8
Landmass142  -  (56, 83)-- cur was: 8
Landmass143  -  (56, 83)-- cur was: 8
Landmass144  -  (56, 83)-- cur was: 8
Landmass145  -  (56, 83)-- cur was: 8
Landmass146  -  (56, 83)-- cur was: 8
Landmass147  -  (56, 83)-- cur was: 8
Landmass148  -  (56, 83)-- cur was: 8
Landmass149  -  (56, 83)-- cur was: 8
Landmass150  -  (56, 83)-- cur was: 8
Landmass151  -  (56, 83)-- cur was: 8
Landmass152  -  (56, 83)-- cur was: 8
Landmass153  -  (56, 83)-- cur was: 8
Landmass154  -  (56, 83)-- cur was: 8
Landmass155  -  (56, 83)-- cur was: 8
Landmass156  -  (56, 83)-- cur was: 8
Landmass157  -  (56, 83)-- cur was: 8
Landmass158  -  (56, 83)-- cur was: 8
Landmass159  -  (56, 83)-- cur was: 8
Landmass160  -  (56, 83)-- cur was: 8
Landmass161  -  (56, 83)-- cur was: 8
Landmass162  -  (56, 83)-- cur was: 8
Landmass163  -  (56, 83)-- cur was: 8
Landmass164  -  (56, 83)-- cur was: 8
Landmass165  -  (56, 83)-- cur was: 8
Landmass166  -  (56, 83)-- cur was: 8
Landmass167  -  (56, 83)-- cur was: 8
Landmass168  -  (56, 83)-- cur was: 8
Landmass169  -  (56, 83)-- cur was: 8
Landmass170  -  (56, 83)-- cur was: 8
Landmass171  -  (56, 83)-- cur was: 8
Landmass172  -  (56, 83)-- cur was: 8
Landmass173  -  (56, 83)-- cur was: 8
Landmass174  -  (56, 83)-- cur was: 8
Landmass175  -  (56, 83)-- cur was: 8
Landmass176  -  (56, 83)-- cur was: 8
Landmass177  -  (56, 83)-- cur was: 8
Landmass178  -  (56, 83)-- cur was: 8
Landmass179  -  (56, 83)-- cur was: 8
Landmass180  -  (56, 83)-- cur was: 8
Landmass181  -  (56, 83)-- cur was: 8
Landmass182  -  (56, 83)-- cur was: 8
Landmass183  -  (56, 83)-- cur was: 8
Landmass184  -  (56, 83)-- cur was: 8
Landmass185  -  (56, 83)-- cur was: 8
Landmass186  -  (56, 83)-- cur was: 8
Landmass187  -  (56, 83)-- cur was: 8
Landmass188  -  (56, 83)-- cur was: 8
Landmass189  -  (56, 83)-- cur was: 8
Landmass190  -  (56, 83)-- cur was: 8
Landmass191  -  (56, 83)-- cur was: 8
Landmass192  -  (56, 83)-- cur was: 8
Landmass193  -  (56, 83)-- cur was: 8
Landmass194  -  (56, 83)-- cur was: 8
Landmass195  -  (56, 83)-- cur was: 8
Landmass196  -  (56, 83)-- cur was: 8
Landmass197  -  (56, 83)-- cur was: 8
Landmass198  -  (56, 83)-- cur was: 8
Landmass199  -  (56, 83)-- cur was: 8
Landmass200  -  (56, 83)-- cur was: 8
Landmass201  -  (56, 83)-- cur was: 8
Landmass202  -  (56, 83)-- cur was: 8
Landmass203  -  (56, 83)-- cur was: 8
Landmass204  -  (56, 83)-- cur was: 8
Landmass205  -  (56, 83)-- cur was: 8
Landmass206  -  (56, 83)-- cur was: 8
Landmass207  -  (56, 83)-- cur was: 8
Landmass208  -  (56, 83)-- cur was: 8
Landmass209  -  (56, 83)-- cur was: 8
Landmass210  -  (56, 83)-- cur was: 8
Landmass211  -  (56, 83)-- cur was: 8
Landmass212  -  (56, 83)-- cur was: 8
Landmass213  -  (56, 83)-- cur was: 8
Landmass214  -  (56, 83)-- cur was: 8
Landmass215  -  (56, 83)-- cur was: 8
Landmass216  -  (56, 83)-- cur was: 8
Landmass217  -  (56, 83)-- cur was: 8
Landmass218  -  (56, 83)-- cur was: 8
Landmass219  -  (56, 83)-- cur was: 8
Landmass220  -  (56, 83)-- cur was: 8
Landmass221  -  (56, 83)-- cur was: 8
Landmass222  -  (56, 83)-- cur was: 8
Landmass223  -  (56, 83)-- cur was: 8
Landmass224  -  (56, 83)-- cur was: 8
Landmass225  -  (56, 83)-- cur was: 8
Landmass226  -  (56, 83)-- cur was: 8
Landmass227  -  (56, 83)-- cur was: 8
Landmass228  -  (56, 83)-- cur was: 8
Landmass229  -  (56, 83)-- cur was: 8
Landmass230  -  (56, 83)-- cur was: 8
Landmass231  -  (56, 83)-- cur was: 8
Landmass232  -  (56, 83)-- cur was: 8
Landmass233  -  (56, 83)-- cur was: 8
Landmass234  -  (56, 83)-- cur was: 8
Landmass235  -  (56, 83)-- cur was: 8
Landmass236  -  (56, 83)-- cur was: 8
Landmass237  -  (56, 83)-- cur was: 8
Landmass238  -  (56, 83)-- cur was: 8
Landmass239  -  (56, 83)-- cur was: 8
Landmass240  -  (56, 83)-- cur was: 8
Landmass241  -  (56, 83)-- cur was: 8
Landmass242  -  (56, 83)-- cur was: 8
Landmass243  -  (56, 83)-- cur was: 8
Landmass244  -  (56, 83)-- cur was: 8
Landmass245  -  (56, 83)-- cur was: 8
Landmass246  -  (56, 83)-- cur was: 8
Landmass247  -  (56, 83)-- cur was: 8
Landmass248  -  (56, 83)-- cur was: 8
Landmass249  -  (56, 83)-- cur was: 8
Landmass250  -  (56, 83)-- cur was: 8
Landmass251  -  (56, 83)-- cur was: 8
Landmass252  -  (56, 83)-- cur was: 8
Landmass253  -  (56, 83)-- cur was: 8
Landmass254  -  (56, 83)-- cur was: 8
Landmass255  -  (56, 83)-- cur was: 8
Landmass256  -  (56, 83)-- cur was: 8
Landmass257  -  (56, 83)-- cur was: 8
Landmass258  -  (56, 83)-- cur was: 8
Landmass259  -  (56, 83)-- cur was: 8
Landmass260  -  (56, 83)-- cur was: 8
Landmass261  -  (56, 83)-- cur was: 8
Landmass262  -  (56, 83)-- cur was: 8
Landmass263  -  (56, 83)-- cur was: 8
Landmass264  -  (56, 83)-- cur was: 8
Landmass265  -  (56, 83)-- cur was: 8
Landmass266  -  (56, 83)-- cur was: 8
Landmass267  -  (56, 83)-- cur was: 8
Landmass268  -  (56, 83)-- cur was: 8
Landmass269  -  (56, 83)-- cur was: 8
Landmass270  -  (56, 83)-- cur was: 8
Landmass271  -  (56, 83)-- cur was: 8
Landmass272  -  (56, 83)-- cur was: 8
Landmass273  -  (56, 83)-- cur was: 8
Landmass274  -  (56, 83)-- cur was: 8
Landmass275  -  (56, 83)-- cur was: 8
Landmass276  -  (56, 83)-- cur was: 8
Landmass277  -  (56, 83)-- cur was: 8
Landmass278  -  (56, 83)-- cur was: 8
Landmass279  -  (56, 83)-- cur was: 8
Landmass280  -  (56, 83)-- cur was: 8
Landmass281  -  (56, 83)-- cur was: 8
Landmass282  -  (56, 83)-- cur was: 8
Landmass283  -  (56, 83)-- cur was: 8
Landmass284  -  (56, 83)-- cur was: 8
Landmass285  -  (56, 83)-- cur was: 8
Landmass286  -  (56, 83)-- cur was: 8
Landmass287  -  (56, 83)-- cur was: 8
Landmass288  -  (56, 83)-- cur was: 8
Landmass289  -  (56, 83)-- cur was: 8
Landmass290  -  (56, 83)-- cur was: 8
Landmass291  -  (56, 83)-- cur was: 8
Landmass292  -  (56, 83)-- cur was: 8
Landmass293  -  (56, 83)-- cur was: 8
Landmass294  -  (56, 83)-- cur was: 8
Landmass295  -  (56, 83)-- cur was: 8
Landmass296  -  (56, 83)-- cur was: 8
Landmass297  -  (56, 83)-- cur was: 8
Landmass298  -  (56, 83)-- cur was: 8
Landmass299  -  (56, 83)-- cur was: 8
Landmass300  -  (56, 83)-- cur was: 8
Landmass301  -  (56, 83)-- cur was: 8
Landmass302  -  (56, 83)-- cur was: 8
Landmass303  -  (56, 83)-- cur was: 8
Landmass304  -  (56, 83)-- cur was: 8
Landmass305  -  (56, 83)-- cur was: 8
Landmass306  -  (56, 83)-- cur was: 8
Landmass307  -  (56, 83)-- cur was: 8
Landmass308  -  (56, 83)-- cur was: 8
Landmass309  -  (56, 83)-- cur was: 8
Landmass310  -  (56, 83)-- cur was: 8
Landmass311  -  (56, 83)-- cur was: 8
Landmass312  -  (56, 83)-- cur was: 8
Landmass313  -  (56, 83)-- cur was: 8
Landmass314  -  (56, 83)-- cur was: 8
Landmass315  -  (56, 83)-- cur was: 8
Landmass316  -  (56, 83)-- cur was: 8
Landmass317  -  (56, 83)-- cur was: 8
Landmass318  -  (56, 83)-- cur was: 8
Landmass319  -  (56, 83)-- cur was: 8
Landmass320  -  (56, 83)-- cur was: 8
Landmass321  -  (56, 83)-- cur was: 8
Landmass322  -  (56, 83)-- cur was: 8
Landmass323  -  (56, 83)-- cur was: 8
Landmass324  -  (56, 83)-- cur was: 8
Landmass325  -  (56, 83)-- cur was: 8
Landmass326  -  (56, 83)-- cur was: 8
Landmass327  -  (56, 83)-- cur was: 8
Landmass328  -  (56, 83)-- cur was: 8
Landmass329  -  (56, 83)-- cur was: 8
Landmass330  -  (56, 83)-- cur was: 8
Landmass331  -  (56, 83)-- cur was: 8
Landmass332  -  (56, 83)-- cur was: 8
Landmass333  -  (56, 83)-- cur was: 8
Landmass334  -  (56, 83)-- cur was: 8
Landmass335  -  (56, 83)-- cur was: 8
Landmass336  -  (56, 83)-- cur was: 8
Landmass337  -  (56, 83)-- cur was: 8
Landmass338  -  (56, 83)-- cur was: 8
Landmass339  -  (56, 83)-- cur was: 8
Landmass340  -  (56, 83)-- cur was: 8
Landmass341  -  (56, 83)-- cur was: 8
Landmass342  -  (56, 83)-- cur was: 8
Landmass343  -  (56, 83)-- cur was: 8
Landmass344  -  (56, 83)-- cur was: 8
Landmass345  -  (56, 83)-- cur was: 8
Landmass346  -  (56, 83)-- cur was: 8
Landmass347  -  (56, 83)-- cur was: 8
Landmass348  -  (56, 83)-- cur was: 8
Landmass349  -  (56, 83)-- cur was: 8
Landmass350  -  (56, 83)-- cur was: 8
Landmass351  -  (56, 83)-- cur was: 8
Landmass352  -  (56, 83)-- cur was: 8
Landmass353  -  (56, 83)-- cur was: 8
Landmass354  -  (56, 83)-- cur was: 8
Landmass355  -  (56, 83)-- cur was: 8
Landmass356  -  (56, 83)-- cur was: 8
Landmass357  -  (56, 83)-- cur was: 8
Landmass358  -  (56, 83)-- cur was: 8
Landmass359  -  (56, 83)-- cur was: 8
Landmass360  -  (56, 83)-- cur was: 8
Landmass361  -  (56, 83)-- cur was: 8
Landmass362  -  (56, 83)-- cur was: 8
Landmass363  -  (56, 83)-- cur was: 8
Landmass364  -  (56, 83)-- cur was: 8
Landmass365  -  (56, 83)-- cur was: 8
Landmass366  -  (56, 83)-- cur was: 8
Landmass367  -  (56, 83)-- cur was: 8
Landmass368  -  (56, 83)-- cur was: 8
Landmass369  -  (56, 83)-- cur was: 8
Landmass370  -  (56, 83)-- cur was: 8
Landmass371  -  (56, 83)-- cur was: 8
Landmass372  -  (56, 83)-- cur was: 8
Landmass373  -  (56, 83)-- cur was: 8
Landmass374  -  (56, 83)-- cur was: 8
Landmass375  -  (56, 83)-- cur was: 8
Landmass376  -  (56, 83)-- cur was: 8
Landmass377  -  (56, 83)-- cur was: 8
Landmass378  -  (56, 83)-- cur was: 8
Landmass379  -  (56, 83)-- cur was: 8
Landmass380  -  (56, 83)-- cur was: 8
Landmass381  -  (56, 83)-- cur was: 8
Landmass382  -  (56, 83)-- cur was: 8
Landmass383  -  (56, 83)-- cur was: 8
Landmass384  -  (56, 83)-- cur was: 8
Landmass385  -  (56, 83)-- cur was: 8
Landmass386  -  (56, 83)-- cur was: 8
Landmass387  -  (56, 83)-- cur was: 8
Landmass388  -  (56, 83)-- cur was: 8
Landmass389  -  (56, 83)-- cur was: 8
Landmass390  -  (56, 83)-- cur was: 8
Landmass391  -  (56, 83)-- cur was: 8
Landmass392  -  (56, 83)-- cur was: 8
Landmass393  -  (56, 83)-- cur was: 8
Landmass394  -  (56, 83)-- cur was: 8
Landmass395  -  (56, 83)-- cur was: 8
Landmass396  -  (56, 83)-- cur was: 8
Landmass397  -  (56, 83)-- cur was: 8
Landmass398  -  (56, 83)-- cur was: 8
Landmass399  -  (56, 83)-- cur was: 8
Landmass400  -  (56, 83)-- cur was: 8
Landmass401  -  (56, 83)-- cur was: 8
Landmass402  -  (56, 83)-- cur was: 8
Landmass403  -  (56, 83)-- cur was: 8
Landmass404  -  (56, 83)-- cur was: 8
Landmass405  -  (56, 83)-- cur was: 8
Landmass406  -  (56, 83)-- cur was: 8
Landmass407  -  (56, 83)-- cur was: 8
Landmass408  -  (56, 83)-- cur was: 8
Landmass409  -  (56, 83)-- cur was: 8
Landmass410  -  (56, 83)-- cur was: 8
Landmass411  -  (56, 83)-- cur was: 8
Landmass412  -  (56, 83)-- cur was: 8
Landmass413  -  (56, 83)-- cur was: 8
Landmass414  -  (56, 83)-- cur was: 8
Landmass415  -  (56, 83)-- cur was: 8
Landmass416  -  (56, 83)-- cur was: 8
Landmass417  -  (56, 83)-- cur was: 8
Landmass418  -  (56, 83)-- cur was: 8
Landmass419  -  (56, 83)-- cur was: 8
Landmass420  -  (56, 83)-- cur was: 8
Landmass421  -  (56, 83)-- cur was: 8
Landmass422  -  (56, 83)-- cur was: 8
Landmass423  -  (56, 83)-- cur was: 8
Landmass424  -  (56, 83)-- cur was: 8
Landmass425  -  (56, 83)-- cur was: 8
Landmass426  -  (56, 83)-- cur was: 8
Landmass427  -  (56, 83)-- cur was: 8
Landmass428  -  (56, 83)-- cur was: 8
Landmass429  -  (56, 83)-- cur was: 8
Landmass430  -  (56, 83)-- cur was: 8
Landmass431  -  (56, 83)-- cur was: 8
Landmass432  -  (56, 83)-- cur was: 8
Landmass433  -  (56, 83)-- cur was: 8
Landmass434  -  (56, 83)-- cur was: 8
Landmass435  -  (56, 83)-- cur was: 8
Landmass436  -  (56, 83)-- cur was: 8
Landmass437  -  (56, 83)-- cur was: 8
Landmass438  -  (56, 83)-- cur was: 8
Landmass439  -  (56, 83)-- cur was: 8
Landmass440  -  (56, 83)-- cur was: 8
Landmass441  -  (56, 83)-- cur was: 8
Landmass442  -  (56, 83)-- cur was: 8
Landmass443  -  (56, 83)-- cur was: 8
Landmass444  -  (56, 83)-- cur was: 8
Landmass445  -  (56, 83)-- cur was: 8
Landmass446  -  (56, 83)-- cur was: 8
Landmass447  -  (56, 83)-- cur was: 8
Landmass448  -  (56, 83)-- cur was: 8
Landmass449  -  (56, 83)-- cur was: 8
Landmass450  -  (56, 83)-- cur was: 8
Landmass451  -  (56, 83)-- cur was: 8
Landmass452  -  (56, 83)-- cur was: 8
Landmass453  -  (56, 83)-- cur was: 8
Landmass454  -  (56, 83)-- cur was: 8
Landmass455  -  (56, 83)-- cur was: 8
Landmass456  -  (56, 83)-- cur was: 8
Landmass457  -  (56, 83)-- cur was: 8
Landmass458  -  (56, 83)-- cur was: 8
Landmass459  -  (56, 83)-- cur was: 8
Landmass460  -  (56, 83)-- cur was: 8
Landmass461  -  (56, 83)-- cur was: 8
Landmass462  -  (56, 83)-- cur was: 8
Landmass463  -  (56, 83)-- cur was: 8
Landmass464  -  (56, 83)-- cur was: 8
Landmass465  -  (56, 83)-- cur was: 8
Landmass466  -  (56, 83)-- cur was: 8
Landmass467  -  (56, 83)-- cur was: 8
Landmass468  -  (56, 83)-- cur was: 8
Landmass469  -  (56, 83)-- cur was: 8
Landmass470  -  (56, 83)-- cur was: 8
Landmass471  -  (56, 83)-- cur was: 8
Landmass472  -  (56, 83)-- cur was: 8
Landmass473  -  (56, 83)-- cur was: 8
Landmass474  -  (56, 83)-- cur was: 8
Landmass475  -  (56, 83)-- cur was: 8
Landmass476  -  (56, 83)-- cur was: 8
Landmass477  -  (56, 83)-- cur was: 8
Landmass478  -  (56, 83)-- cur was: 8
Landmass479  -  (56, 83)-- cur was: 8
Landmass480  -  (56, 83)-- cur was: 8
Landmass481  -  (56, 83)-- cur was: 8
Landmass482  -  (56, 83)-- cur was: 8
Landmass483  -  (56, 83)-- cur was: 8
Landmass484  -  (56, 83)-- cur was: 8
Landmass485  -  (56, 83)-- cur was: 8
Landmass486  -  (56, 83)-- cur was: 8
Landmass487  -  (56, 83)-- cur was: 8
Landmass488  -  (56, 83)-- cur was: 8
Landmass489  -  (56, 83)-- cur was: 8
Landmass490  -  (56, 83)-- cur was: 8
Landmass491  -  (56, 83)-- cur was: 8
Landmass492  -  (56, 83)-- cur was: 8
Landmass493  -  (56, 83)-- cur was: 8
Landmass494  -  (56, 83)-- cur was: 8
Landmass495  -  (56, 83)-- cur was: 8
Landmass496  -  (56, 83)-- cur was: 8
Landmass497  -  (56, 83)-- cur was: 8
Landmass498  -  (56, 83)-- cur was: 8
Landmass499  -  (56, 83)-- cur was: 8
Landmass500  -  (56, 83)-- cur was: 8

Process completed.
